# Mess-Beginn: 22.07.2026 13:05:13
# Kei2000	Kei2000
-1.80966264E-4	1.50748314E-2
-1.80854331E-4	1.50745995E-2
-1.81090072E-4	1.50767779E-2
-1.81187293E-4	1.50778694E-2
-1.81383468E-4	1.50791788E-2
-1.81843076E-4	1.50818871E-2
-1.82082775E-4	1.50822857E-2
-1.82267628E-4	1.50843998E-2
-1.82511852E-4	1.50867132E-2
-1.82635093E-4	1.50863379E-2
-1.82849908E-4	1.50852185E-2
-1.82831252E-4	1.50845097E-2
-1.82912103E-4	1.50836241E-2
-1.83037599E-4	1.50839370E-2
-1.83191369E-4	1.50845796E-2
-1.83466676E-4	1.50836585E-2
-1.83705240E-4	1.50836408E-2
-1.83730124E-4	1.50824115E-2
-1.83459895E-4	1.50813218E-2
-1.83561089E-4	1.50815798E-2
-1.83505123E-4	1.50809838E-2
-1.83653799E-4	1.50828231E-2
-1.84075529E-4	1.50845088E-2
-1.84087403E-4	1.50851281E-2
-1.84107746E-4	1.50873549E-2
-1.83998651E-4	1.50853787E-2
-1.83694501E-4	1.50850900E-2
-1.83608572E-4	1.50828473E-2
-1.83639670E-4	1.50791313E-2
-1.83528304E-4	1.50777474E-2
-1.83674711E-4	1.50782531E-2
-1.83555429E-4	1.50766494E-2
-1.83406184E-4	1.50778946E-2
-1.83435579E-4	1.50793837E-2
-1.83372278E-4	1.50796110E-2
-1.83422599E-4	1.50809819E-2
-1.83446347E-4	1.50818685E-2
-1.83347976E-4	1.50814978E-2
-1.83011056E-4	1.50824394E-2
-1.82598364E-4	1.50809083E-2
-1.82356976E-4	1.50797181E-2
-1.82239382E-4	1.50787011E-2
-1.82189076E-4	1.50767155E-2
-1.59840201E-4	1.49225518E-2
-1.19616998E-4	1.44662512E-2
-5.87849936E-5	1.40113514E-2
1.64280993E-6	1.37082804E-2
1.96675264E-5	1.35575775E-2
1.98218586E-5	1.35573205E-2
1.98184680E-5	1.35568976E-2
1.99852366E-5	1.35569051E-2
1.99417063E-5	1.35580609E-2
1.98133785E-5	1.35599943E-2
1.96822257E-5	1.35609088E-2
1.96302153E-5	1.35626663E-2
1.97297122E-5	1.35629112E-2
1.98495600E-5	1.35632483E-2
1.99298356E-5	1.35634858E-2
1.97319732E-5	1.35639189E-2
1.98614307E-5	1.35629214E-2
1.99230508E-5	1.35612311E-2
1.97851132E-5	1.35604935E-2
1.99343576E-5	1.35590024E-2
1.98812177E-5	1.35584921E-2
1.98749985E-5	1.35578495E-2
1.98292073E-5	1.35562550E-2
1.99530132E-5	1.35557465E-2
1.99281385E-5	1.35557950E-2
1.99767564E-5	1.35552455E-2
2.00383765E-5	1.35554597E-2
2.00717332E-5	1.35568725E-2
2.00457380E-5	1.35567691E-2
2.00977538E-5	1.35569926E-2
2.00372706E-5	1.35571966E-2
1.99796141E-5	1.35548282E-2
1.98784219E-5	1.35543020E-2
1.98371526E-5	1.35544203E-2
1.98880316E-5	1.36115300E-2
-2.64265618E-5	1.40705500E-2
-6.72128735E-5	1.43769914E-2
-1.08338951E-4	1.46828480E-2
-1.70218002E-4	1.50837228E-2
-1.85544472E-4	1.50833083E-2
-1.85749115E-4	1.50839090E-2
-1.85953191E-4	1.50852175E-2
-1.85950936E-4	1.50858918E-2
-1.86233025E-4	1.50881428E-2
-1.86270903E-4	1.50899971E-2
-1.86555830E-4	1.50900763E-2
-1.86729943E-4	1.50908642E-2
-1.86889927E-4	1.50907459E-2
-1.86916499E-4	1.50911678E-2
-1.86791003E-4	1.50914816E-2
-1.72080749E-4	1.48476763E-2
-1.45975282E-4	1.45533653E-2
-1.04881976E-4	1.43506667E-2
-6.23041415E-5	1.41418166E-2
-5.16783330E-5	1.41236009E-2
-6.32804513E-5	1.42322341E-2
-9.76876836E-5	1.45220514E-2
-1.27949970E-4	1.48402862E-2
-1.82728036E-4	1.54699208E-2
-2.61729612E-4	1.58501286E-2
-3.06071801E-4	1.62505321E-2
-4.05551633E-4	1.71768311E-2
-5.64968621E-4	1.79675091E-2
-6.77444681E-4	1.88851431E-2
-7.77360343E-4	1.95562877E-2
-9.99839045E-4	1.99003462E-2
-1.25631236E-3	1.69898793E-2
-1.35786855E-3	1.34362532E-2
-1.73650414E-3	6.78488240E-3
-2.02826550E-3	1.51718967E-3
-2.20792321E-3	-5.20038418E-3
-2.41939165E-3	-9.45454463E-3
-2.54731067E-3	-1.07770292E-2
-2.67413631E-3	-1.47668589E-2
-2.89164460E-3	-1.71458833E-2
-3.06616724E-3	-1.92201547E-2
-3.19330185E-3	-2.25817095E-2
-3.33037623E-3	-2.49854326E-2
-3.56241642E-3	-2.74855122E-2
-3.82857630E-3	-3.24872993E-2
-3.89871304E-3	-3.73523086E-2
-4.20323433E-3	-4.11822610E-2
-4.53513954E-3	-4.90607619E-2
-4.76567168E-3	-5.96452355E-2
-5.24882786E-3	-6.78317845E-2
-5.58846164E-3	-7.66117200E-2
-5.91744389E-3	-9.06378701E-2
-6.49379520E-3	-9.94976833E-2
-7.00219348E-3	-1.27460286E-1
-7.32064107E-3	-1.29839838E-1
-7.67647848E-3	-1.33464247E-1
-8.05963948E-3	-1.36666521E-1
-8.40117503E-3	-1.40759155E-1
-8.49312451E-3	-1.46271199E-1
-8.86099879E-3	-1.51068956E-1
-9.13866702E-3	-1.60835594E-1
-9.60369129E-3	-1.71307966E-1
-9.95707419E-3	-1.77534521E-1
-1.03924340E-2	-1.84805706E-1
-1.06908260E-2	-1.95224673E-1
-1.11763841E-2	-2.02445984E-1
-1.14631923E-2	-2.09059969E-1
-1.18048666E-2	-2.18303353E-1
-1.21280383E-2	-2.28965238E-1
-1.26684122E-2	-2.37922549E-1
-1.33305108E-2	-2.43223175E-1
-1.35485418E-2	-2.59368777E-1
-1.38093075E-2	-2.62715548E-1
-1.40201915E-2	-2.67069578E-1
-1.38776489E-2	-2.61941314E-1
-1.37524251E-2	-2.62759954E-1
-1.39440307E-2	-2.67930001E-1
-1.40484544E-2	-2.72588730E-1
-1.43495947E-2	-2.82483160E-1
-1.48187960E-2	-2.88809031E-1
-1.49656991E-2	-2.89808482E-1
-1.48830013E-2	-2.88777173E-1
-1.46626392E-2	-2.83573687E-1
-1.46077266E-2	-2.83902675E-1
-1.46940602E-2	-2.89417356E-1
-1.50718968E-2	-2.95354664E-1
-1.56076290E-2	-3.04434180E-1
-1.58972461E-2	-3.04946095E-1
-1.58720091E-2	-3.02757472E-1
-1.56274587E-2	-2.99665987E-1
-1.51917152E-2	-2.91621625E-1
-1.48244640E-2	-2.85379291E-1
-1.44082904E-2	-2.79742271E-1
-1.40546327E-2	-2.72742271E-1
-1.36139775E-2	-2.65415519E-1
-1.36416266E-2	-2.63735205E-1
-1.34089533E-2	-2.61720508E-1
-1.36158746E-2	-2.61414468E-1
-1.34497723E-2	-2.57972747E-1
-1.31138563E-2	-2.43900210E-1
-1.27466815E-2	-2.40926623E-1
-1.24282055E-2	-2.31976911E-1
-1.23844706E-2	-2.32925147E-1
-1.23550892E-2	-2.32194230E-1
-1.22435382E-2	-2.29625434E-1
-1.22423060E-2	-2.31116712E-1
-1.22366790E-2	-2.30826363E-1
-1.22467326E-2	-2.33344838E-1
-1.22821061E-2	-2.30902165E-1
-1.17292255E-2	-2.17500612E-1
-1.07385917E-2	-1.97271019E-1
-1.04917726E-2	-1.86977997E-1
-9.84093361E-3	-1.77539930E-1
-9.55446810E-3	-1.71543524E-1
-9.27072205E-3	-1.56345993E-1
-8.64841603E-3	-1.49384230E-1
-7.65613094E-3	-1.28022626E-1
-7.00762309E-3	-9.83353108E-2
-6.42032549E-3	-9.75736454E-2
-6.14536926E-3	-9.53951031E-2
-5.98248979E-3	-9.31954756E-2
-5.85023919E-3	-8.99264738E-2
-5.63111575E-3	-8.45678970E-2
-5.42536099E-3	-8.09488371E-2
-5.29160025E-3	-7.52264038E-2
-5.14129363E-3	-7.16481358E-2
-4.93770232E-3	-6.77628964E-2
-4.78564715E-3	-6.10414408E-2
-4.51806374E-3	-5.34402393E-2
-4.31836583E-3	-4.78838831E-2
-3.95905320E-3	-4.11346257E-2
-3.60947428E-3	-2.87569091E-2
-3.16169485E-3	-1.64091866E-2
-2.48891441E-3	-1.26048839E-2
-2.05363939E-3	-2.54344335E-3
-1.58461079E-3	4.35335934E-3
-9.93112335E-4	6.31835405E-3
-4.81243565E-4	9.89137031E-3
-1.98640657E-4	1.46871898E-2
-4.03990489E-5	1.56489741E-2
1.71784377E-5	1.58142261E-2
1.75656824E-5	1.58315431E-2
1.78212067E-5	1.58439837E-2
1.80416828E-5	1.58458631E-2
1.81033029E-5	1.58447344E-2
1.84560613E-5	1.58419851E-2
1.84831970E-5	1.58395618E-2
1.85589506E-5	1.58377420E-2
1.87223286E-5	1.58364251E-2
