# Mess-Beginn: 22.07.2026 13:11:27
# Kei2000	Kei2000
2.00287013E-5	-1.39866825E-2
2.00173945E-5	-1.39863053E-2
1.98687158E-5	-1.39860511E-2
1.99145070E-5	-1.39853461E-2
2.00224822E-5	-1.39851589E-2
2.01163257E-5	-1.39870252E-2
2.00253089E-5	-1.39886215E-2
2.02062110E-5	-1.39896683E-2
2.01072799E-5	-1.39916809E-2
2.00241793E-5	-1.39923757E-2
2.01570292E-5	-1.39926020E-2
1.99749957E-5	-1.39933554E-2
1.98579746E-5	-1.39931720E-2
1.99122460E-5	-1.39916549E-2
1.98975467E-5	-1.39915897E-2
2.00151335E-5	-1.39905540E-2
2.01004968E-5	-1.39906202E-2
2.00077848E-5	-1.39893377E-2
2.00857994E-5	-1.39875105E-2
2.01694656E-5	-1.39865624E-2
2.00190916E-5	-1.39857884E-2
2.01519415E-5	-1.39846941E-2
2.00711002E-5	-1.39841419E-2
1.99439037E-5	-1.39843877E-2
1.99512524E-5	-1.39834601E-2
1.99015049E-5	-1.39833521E-2
1.99201604E-5	-1.39829582E-2
2.00552713E-5	-1.39836073E-2
2.00507493E-5	-1.39841763E-2
1.99687784E-5	-1.39849056E-2
1.99518181E-5	-1.39855379E-2
1.98178368E-5	-1.39840422E-2
1.98557136E-5	-1.39833540E-2
1.99896949E-5	-1.39825018E-2
2.00066534E-5	-1.39834750E-2
2.00450959E-5	-1.39843253E-2
2.00190916E-5	-1.39862839E-2
1.98788912E-5	-1.39880972E-2
1.98562793E-5	-1.39884362E-2
1.99382503E-5	-1.39875868E-2
2.00450959E-5	-1.39868446E-2
2.00275699E-5	-1.39876129E-2
2.00501836E-5	-1.39876958E-2
2.01231087E-5	-1.39874909E-2
1.99942169E-5	-1.39874825E-2
1.99286405E-5	-1.39863761E-2
1.98964171E-5	-1.39861144E-2
1.97386926E-5	-1.39854662E-2
1.98381895E-5	-1.39850555E-2
1.97776990E-5	-1.39850834E-2
1.98297093E-5	-1.39838513E-2
1.98155758E-5	-1.39833549E-2
1.97415193E-5	-1.39839184E-2
1.97002519E-5	-1.39820827E-2
1.99297701E-5	-1.39818313E-2
1.99806491E-5	-1.39831686E-2
1.99523838E-5	-1.39840012E-2
1.99896949E-5	-1.39884884E-2
1.97330392E-5	-1.39898006E-2
1.96001893E-5	-1.39912562E-2
1.94322893E-5	-1.39924493E-2
1.94916483E-5	-1.39902700E-2
1.95300909E-5	-1.39903575E-2
1.96284564E-5	-1.39918169E-2
1.97686550E-5	-1.39907105E-2
1.99489914E-5	-1.39923198E-2
1.99936512E-5	-1.39918877E-2
1.99670812E-5	-1.39905857E-2
1.99410752E-5	-1.39003769E-2
1.72985688E-6	-1.38136130E-2
-3.69730915E-5	-1.35359215E-2
-8.03845978E-5	-1.32196220E-2
-1.19297285E-4	-1.28839323E-2
-1.82742078E-4	-1.24382814E-2
-2.22113827E-4	-1.20560843E-2
-2.84691429E-4	-1.15141626E-2
-3.82214290E-4	-1.08158719E-2
-4.41096403E-4	-1.03435917E-2
-4.78256028E-4	-1.01300627E-2
-4.89823637E-4	-1.00981919E-2
-4.92629304E-4	-1.00799529E-2
-4.93854925E-4	-1.00719351E-2
-4.94121748E-4	-1.00686587E-2
-4.95904766E-4	-1.00517776E-2
-4.99991467E-4	-1.00205038E-2
-5.02787530E-4	-9.99969523E-3
-5.18691144E-4	-9.62711312E-3
-5.70684264E-4	-9.32371523E-3
-6.14417426E-4	-8.86411406E-3
-6.82933140E-4	-7.95047171E-3
-7.80619972E-4	-7.15544028E-3
-8.89597926E-4	-6.49850909E-3
-9.78357857E-4	-5.71959512E-3
-1.05601363E-3	-4.62511601E-3
-1.16714265E-3	-3.68325156E-3
-1.22387765E-3	-3.32072191E-3
-1.31492876E-3	-2.44129286E-3
-1.37963414E-3	-1.70063530E-3
-1.41374732E-3	-9.39067104E-4
-1.51283445E-3	-1.13540955E-4
-1.57256506E-3	3.21367814E-4
-1.61048793E-3	7.36103160E-4
-1.64818531E-3	1.50258082E-3
-1.73685886E-3	2.80699902E-3
-1.84869126E-3	3.70051689E-3
-1.92445400E-3	4.59365174E-3
-1.98282907E-3	5.46902418E-3
-2.04858137E-3	6.22370467E-3
-2.08784291E-3	6.72691735E-3
-2.14820844E-3	7.28616212E-3
-2.24120147E-3	8.56414717E-3
-2.26338976E-3	9.13450215E-3
-2.33603851E-3	1.04439287E-2
-2.44545587E-3	1.18388329E-2
-2.49937433E-3	1.21559799E-2
-2.54737004E-3	1.34892128E-2
-2.64498126E-3	1.47626717E-2
-2.70549487E-3	1.54147660E-2
-2.76315026E-3	1.70157421E-2
-2.83049862E-3	1.78592354E-2
-2.89253751E-3	1.89173445E-2
-2.93219066E-3	1.98840480E-2
-3.02217621E-3	2.12999135E-2
-3.06220260E-3	2.20560376E-2
-3.10268742E-3	2.28750128E-2
-3.20105487E-3	2.47831326E-2
-3.24484985E-3	2.60244329E-2
-3.32702207E-3	2.74352264E-2
-3.40096303E-3	2.89316420E-2
-3.47543787E-3	3.02612279E-2
-3.56127392E-3	3.16883884E-2
-3.61403194E-3	3.35304476E-2
-3.65429744E-3	3.44410129E-2
-3.73975467E-3	3.66660990E-2
-3.77563387E-3	3.78335454E-2
-3.85543169E-3	4.01113592E-2
-3.96622112E-3	4.19451371E-2
-4.03720140E-3	4.37027067E-2
-4.11345577E-3	4.66803350E-2
-4.22337325E-3	4.90564145E-2
-4.31453949E-3	5.07585965E-2
-4.35217423E-3	5.23918569E-2
-4.42644535E-3	5.40008098E-2
-4.48001456E-3	5.49161211E-2
-4.50548343E-3	5.57206571E-2
-4.51128837E-3	5.58262765E-2
-4.53747809E-3	5.71058989E-2
-4.57380665E-3	5.81083186E-2
-4.63017775E-3	5.96454889E-2
-4.68786806E-3	6.07518293E-2
-4.72352747E-3	6.18237443E-2
-4.76203300E-3	6.34320602E-2
-4.85154521E-3	6.45608306E-2
-4.92252596E-3	6.73206374E-2
-4.97914851E-3	6.87745214E-2
-5.08816866E-3	7.18166083E-2
-5.18856151E-3	7.38243684E-2
-5.20975329E-3	7.56988078E-2
-5.28794015E-3	7.78943002E-2
-5.35065588E-3	7.89800659E-2
-5.37042553E-3	8.00681934E-2
-5.44931320E-3	8.27092826E-2
-5.54039702E-3	8.45431983E-2
-5.58042759E-3	8.50745365E-2
-5.64111816E-3	8.79778937E-2
-5.73394215E-3	8.98976773E-2
-5.79580432E-3	9.10111219E-2
-5.85702248E-3	9.28883106E-2
-5.91039658E-3	9.45042595E-2
-5.99980820E-3	9.62657928E-2
-6.07440900E-3	9.90801156E-2
-6.19142270E-3	1.00837514E-1
-6.26718951E-3	1.03544444E-1
-6.32982003E-3	1.04884446E-1
-6.43017702E-3	1.08060725E-1
-6.56820973E-3	1.09985970E-1
-6.64604921E-3	1.11805037E-1
-6.80038286E-3	1.15351230E-1
-6.87567703E-3	1.17460705E-1
-6.94640446E-3	1.17929459E-1
-7.01933401E-3	1.23499073E-1
-7.10505852E-3	1.24085732E-1
-7.21637625E-3	1.25313282E-1
-7.25407479E-3	1.26499042E-1
-7.37136323E-3	1.28157049E-1
-7.49122165E-3	1.31533414E-1
-7.56857404E-3	1.32365108E-1
-7.64583517E-3	1.34539083E-1
-7.72123924E-3	1.36132464E-1
-7.78213888E-3	1.36708304E-1
-7.84916990E-3	1.38171420E-1
-7.91738555E-3	1.40407771E-1
-8.02850071E-3	1.41920552E-1
-8.10524262E-3	1.43475786E-1
-8.21796991E-3	1.45634666E-1
-8.31663515E-3	1.47891134E-1
-8.35444406E-3	1.49523407E-1
-8.47282913E-3	1.51903510E-1
-8.59954022E-3	1.53780013E-1
-8.65221024E-3	1.55458838E-1
-8.77240859E-3	1.57764450E-1
-8.88261665E-3	1.59932107E-1
-8.95602629E-3	1.60663962E-1
-9.02260002E-3	1.62976921E-1
-9.17454530E-3	1.66504592E-1
-9.27726924E-3	1.68511227E-1
-9.37323645E-3	1.70846194E-1
-9.52459592E-3	1.73718989E-1
-9.62967426E-3	1.76184431E-1
-9.66758374E-3	1.77040040E-1
-9.78472829E-3	1.79758281E-1
-9.90883261E-3	1.82949692E-1
-1.00071542E-2	1.84869573E-1
-1.01299686E-2	1.88034326E-1
-1.02185877E-2	1.90782651E-1
-1.03353271E-2	1.91717580E-1
-1.04141589E-2	1.94731772E-1
-1.05679026E-2	1.97999462E-1
-1.06857345E-2	1.99840710E-1
-1.07240463E-2	2.01650485E-1
-1.08393673E-2	2.04006821E-1
-1.09072253E-2	2.05433205E-1
-1.09570520E-2	2.06899002E-1
-1.10436305E-2	2.09841132E-1
-1.11600030E-2	2.11740881E-1
-1.12363100E-2	2.13637412E-1
-1.13194697E-2	2.16786921E-1
-1.14266239E-2	2.18719542E-1
-1.14999861E-2	2.20171630E-1
-1.15738707E-2	2.22056121E-1
-1.16895344E-2	2.24792033E-1
-1.17660891E-2	2.26625279E-1
-1.18643669E-2	2.30063900E-1
-1.19912522E-2	2.33289987E-1
-1.21303992E-2	2.35280573E-1
-1.21693118E-2	2.37567291E-1
-1.23001989E-2	2.40692914E-1
-1.24173192E-2	2.43672535E-1
-1.24957757E-2	2.45651603E-1
-1.25733223E-2	2.47392759E-1
-1.26899276E-2	2.50153035E-1
-1.28011778E-2	2.51887918E-1
-1.28499977E-2	2.53832936E-1
-1.29226679E-2	2.55401552E-1
-1.30002154E-2	2.56432205E-1
-1.30721005E-2	2.59173006E-1
-1.31939109E-2	2.61256188E-1
-1.32727372E-2	2.64082283E-1
-1.33578377E-2	2.66376436E-1
-1.34903723E-2	2.68955201E-1
-1.36006922E-2	2.71174520E-1
-1.36758741E-2	2.72836238E-1
-1.37544870E-2	2.74457097E-1
-1.38311442E-2	2.77445525E-1
-1.39929513E-2	2.79765308E-1
-1.40850134E-2	2.82661706E-1
-1.42312534E-2	2.84539849E-1
-1.43090189E-2	2.85978556E-1
-1.43567314E-2	2.87942737E-1
-1.44638577E-2	2.89921135E-1
-1.45359514E-2	2.90762961E-1
-1.45779485E-2	2.91804731E-1
-1.46397091E-2	2.93367684E-1
-1.47017566E-2	2.94787735E-1
-1.48028824E-2	2.95512080E-1
-1.48413293E-2	2.98226833E-1
-1.49824442E-2	3.00853819E-1
-1.51421344E-2	3.03044647E-1
-1.52272563E-2	3.05967391E-1
-1.53751709E-2	3.08299303E-1
-1.54486373E-2	3.08981419E-1
-1.54965017E-2	3.10744107E-1
-1.55980317E-2	3.12506765E-1
-1.56643149E-2	3.14032555E-1
-1.58232134E-2	3.16022694E-1
-1.59346536E-2	3.18915427E-1
-1.61069706E-2	3.22079241E-1
-1.61948167E-2	3.23647350E-1
-1.62531398E-2	3.25159043E-1
-1.63670219E-2	3.27165008E-1
-1.64382700E-2	3.28303963E-1
-1.65134259E-2	3.29662830E-1
-1.66524388E-2	3.31658602E-1
-1.67296194E-2	3.32906455E-1
-1.68622993E-2	3.33674997E-1
-1.69394165E-2	3.35974187E-1
-1.70009099E-2	3.37320060E-1
-1.71089862E-2	3.37865084E-1
-1.72276385E-2	3.39172661E-1
-1.72826964E-2	3.41304243E-1
-1.74480770E-2	3.42861474E-1
-1.75308548E-2	3.44629675E-1
-1.76211149E-2	3.46175730E-1
-1.76919997E-2	3.47000360E-1
-1.78107657E-2	3.48257750E-1
-1.79234110E-2	3.50894421E-1
-1.81880239E-2	3.51704240E-1
-1.82572752E-2	3.54038179E-1
-1.83790214E-2	3.56065482E-1
-1.84669979E-2	3.56882274E-1
-1.85498614E-2	3.57445478E-1
-1.86211690E-2	3.58625323E-1
-1.86680686E-2	3.59324753E-1
-1.87285617E-2	3.59851003E-1
-1.88282784E-2	3.60697061E-1
-1.88518725E-2	3.61503810E-1
-1.89676974E-2	3.61900300E-1
-1.90579593E-2	3.63343179E-1
-1.91428289E-2	3.65079939E-1
-1.93052944E-2	3.65702063E-1
-1.94193311E-2	3.67620617E-1
-1.95458569E-2	3.69651288E-1
-1.96631160E-2	3.70719373E-1
-1.98047981E-2	3.71913910E-1
-1.99010931E-2	3.72760117E-1
-1.99778080E-2	3.73730540E-1
-2.00795252E-2	3.74452204E-1
-2.01738756E-2	3.75383258E-1
-2.03360301E-2	3.77026647E-1
-2.04489511E-2	3.78438324E-1
-2.05629114E-2	3.78926635E-1
-2.07135864E-2	3.80278528E-1
-2.08050571E-2	3.81385058E-1
-2.09306926E-2	3.82098585E-1
-2.10203119E-2	3.82840484E-1
-2.10977290E-2	3.83749306E-1
-2.11960394E-2	3.84111077E-1
-2.12891698E-2	3.84623826E-1
-2.13394575E-2	3.85445327E-1
-2.14132834E-2	3.86350036E-1
-2.15385333E-2	3.87044877E-1
-2.16665510E-2	3.87410969E-1
-2.17045732E-2	3.88511121E-1
-2.18263492E-2	3.89075071E-1
-2.19010171E-2	3.89672577E-1
-2.19709799E-2	3.90536010E-1
-2.20855977E-2	3.91302705E-1
-2.21585557E-2	3.91571581E-1
-2.22713854E-2	3.92348260E-1
-2.23266017E-2	3.92821163E-1
-2.24130619E-2	3.93278897E-1
-2.24621799E-2	3.93693715E-1
-2.25208830E-2	3.94440025E-1
-2.26447750E-2	3.95035774E-1
-2.27936525E-2	3.96164209E-1
-2.28483286E-2	3.96951348E-1
-2.30318140E-2	3.98054957E-1
-2.31984165E-2	3.98801804E-1
-2.33091600E-2	3.99684280E-1
-2.34489087E-2	4.00453538E-1
-2.35267170E-2	4.00696367E-1
-2.36745495E-2	4.01587784E-1
-2.37150434E-2	4.02095079E-1
-2.38660574E-2	4.02689815E-1
-2.40175277E-2	4.03563201E-1
-2.40618270E-2	4.04339284E-1
-2.42112391E-2	4.04897928E-1
-2.43390929E-2	4.05339599E-1
-2.44090147E-2	4.05988365E-1
-2.45254543E-2	4.06540990E-1
-2.45983489E-2	4.06960130E-1
-2.47323308E-2	4.07756150E-1
-2.48339046E-2	4.08519655E-1
-2.49926317E-2	4.08804834E-1
-2.51204446E-2	4.09532160E-1
-2.51678322E-2	4.10145134E-1
-2.52866875E-2	4.10516351E-1
-2.54011136E-2	4.11131263E-1
-2.54976526E-2	4.11768377E-1
-2.55830083E-2	4.11957026E-1
-2.56909821E-2	4.12474245E-1
-2.57464666E-2	4.12909925E-1
-2.58123539E-2	4.13119167E-1
-2.59115882E-2	4.13451403E-1
-2.60446910E-2	4.14110392E-1
-2.61430182E-2	4.14692551E-1
-2.62813475E-2	4.15144652E-1
-2.63965838E-2	4.15659010E-1
-2.64299531E-2	4.16110665E-1
-2.65451856E-2	4.16502774E-1
-2.66757961E-2	4.16868925E-1
-2.67555136E-2	4.17465538E-1
-2.68652588E-2	4.17866081E-1
-2.70217061E-2	4.18491751E-1
-2.71044821E-2	4.19078231E-1
-2.72645373E-2	4.19429928E-1
-2.73439419E-2	4.19886678E-1
-2.74557304E-2	4.20179516E-1
-2.75473781E-2	4.20486152E-1
-2.76765414E-2	4.21013653E-1
-2.77830344E-2	4.21632677E-1
-2.78926082E-2	4.22052354E-1
-2.80770771E-2	4.22517240E-1
-2.82433331E-2	4.23136383E-1
-2.83544287E-2	4.23695773E-1
-2.85186935E-2	4.24116224E-1
-2.86311395E-2	4.24715370E-1
-2.87452564E-2	4.25305903E-1
-2.89257597E-2	4.25502330E-1
-2.91011333E-2	4.26102757E-1
-2.92142201E-2	4.26734298E-1
-2.93568522E-2	4.27143544E-1
-2.95712277E-2	4.27824050E-1
-2.97867004E-2	4.28481936E-1
-2.99199857E-2	4.28854257E-1
-3.00350841E-2	4.29249793E-1
-3.02062687E-2	4.29788142E-1
-3.03278416E-2	4.30131465E-1
-3.05049587E-2	4.30624574E-1
-3.06607410E-2	4.30907965E-1
-3.07470560E-2	4.31294024E-1
-3.08445487E-2	4.31583136E-1
-3.10106594E-2	4.32136118E-1
-3.11488733E-2	4.32545364E-1
-3.13029699E-2	4.32954997E-1
-3.15147229E-2	4.33524311E-1
-3.16690579E-2	4.33899224E-1
-3.17128748E-2	4.34125721E-1
-3.19018438E-2	4.34503198E-1
-3.19963880E-2	4.34893727E-1
-3.21046188E-2	4.35126662E-1
-3.22469436E-2	4.35483307E-1
-3.23644467E-2	4.35810626E-1
-3.24554890E-2	4.36018556E-1
-3.26172262E-2	4.36293811E-1
-3.27826813E-2	4.36560035E-1
-3.28510441E-2	4.37026054E-1
-3.30648646E-2	4.37523484E-1
-3.31938155E-2	4.37863499E-1
-3.33974510E-2	4.38329726E-1
-3.35407928E-2	4.38636661E-1
-3.37315649E-2	4.39070880E-1
-3.39145698E-2	4.39453065E-1
-3.39713506E-2	4.39581543E-1
-3.41461599E-2	4.39969748E-1
-3.43124047E-2	4.40318108E-1
-3.44130062E-2	4.40551132E-1
-3.45987380E-2	4.40949768E-1
-3.47491167E-2	4.41249311E-1
-3.48025262E-2	4.41471815E-1
-3.49536017E-2	4.41648781E-1
-3.50737199E-2	4.41883475E-1
-3.51493061E-2	4.42047358E-1
-3.52733061E-2	4.42295223E-1
-3.53720747E-2	4.42506522E-1
-3.55384201E-2	4.42838371E-1
-3.56582031E-2	4.43063974E-1
-3.58226188E-2	4.43374068E-1
-3.59125286E-2	4.43551332E-1
-3.60027961E-2	4.43735301E-1
-3.61578390E-2	4.44024742E-1
-3.63098681E-2	4.44322944E-1
-3.64171006E-2	4.44515169E-1
-3.65870558E-2	4.44830447E-1
-3.67228948E-2	4.45215285E-1
-3.68793719E-2	4.45515364E-1
-3.71786281E-2	4.45885301E-1
-3.74892056E-2	4.46394116E-1
-3.77025194E-2	4.46752280E-1
-3.79364826E-2	4.47294503E-1
-3.82585675E-2	4.47751254E-1
-3.85187827E-2	4.48000818E-1
-3.86496671E-2	4.48186487E-1
-3.87516282E-2	4.48341757E-1
-3.87770534E-2	4.48421568E-1
-3.88100557E-2	4.48483348E-1
-3.88577655E-2	4.48557168E-1
-3.88970859E-2	4.48601693E-1
-3.89210992E-2	4.48636383E-1
-3.89275700E-2	4.48645383E-1
-3.89262438E-2	4.48647410E-1
-3.89255621E-2	4.48649347E-1
-3.89847383E-2	4.48807418E-1
-3.91286835E-2	4.49021935E-1
-3.92388217E-2	4.49201882E-1
-3.93858515E-2	4.49504524E-1
-3.95765230E-2	4.49639231E-1
-3.97288688E-2	4.49779212E-1
-3.98462415E-2	4.50004280E-1
-3.99634242E-2	4.50099140E-1
-4.00397964E-2	4.50208336E-1
-4.00534682E-2	4.50230926E-1
-4.00234163E-2	4.50183034E-1
-3.99725214E-2	4.50120091E-1
-3.99273746E-2	4.50053304E-1
-3.98526601E-2	4.49979663E-1
-3.97322290E-2	4.49625045E-1
-3.94408144E-2	4.49387282E-1
-3.90830152E-2	4.48587716E-1
-3.83345522E-2	4.47397202E-1
-3.79818529E-2	4.47353423E-1
-3.81380804E-2	4.47735548E-1
-3.84902470E-2	4.48101819E-1
-3.88019495E-2	4.48444784E-1
-3.87980603E-2	4.48400021E-1
-3.87182795E-2	4.48581278E-1
-3.88653502E-2	4.48709905E-1
-3.89433466E-2	4.48944777E-1
-3.91967520E-2	4.49118614E-1
-3.89448293E-2	4.48533207E-1
-3.86251211E-2	4.48097199E-1
-3.83038931E-2	4.47787166E-1
-3.83065157E-2	4.48197991E-1
-3.87250297E-2	4.48614746E-1
-3.90823111E-2	4.49051827E-1
-3.91309038E-2	4.49081749E-1
-3.91736850E-2	4.49114412E-1
-3.90838087E-2	4.48964715E-1
-3.92799079E-2	4.49409217E-1
-3.95201705E-2	4.49710965E-1
-3.96902561E-2	4.49596673E-1
-3.94373871E-2	4.49513137E-1
-3.96292619E-2	4.49676871E-1
-3.99893336E-2	4.50529456E-1
-4.10378762E-2	4.51617211E-1
-4.17814441E-2	4.52040017E-1
-4.17493284E-2	4.52126920E-1
-4.16748971E-2	4.51989800E-1
-4.14207317E-2	4.51794654E-1
-4.13334370E-2	4.51769590E-1
-4.14465740E-2	4.51859236E-1
-4.14100364E-2	4.51843590E-1
-4.14059050E-2	4.51877117E-1
-4.16957512E-2	4.52231050E-1
-4.26982120E-2	4.52825636E-1
-4.28750180E-2	4.52982873E-1
-4.30423729E-2	4.53122228E-1
-4.25909758E-2	4.52650458E-1
-4.21467647E-2	4.52299595E-1
-4.16344889E-2	4.52052027E-1
-4.15602662E-2	4.52003807E-1
-4.16305996E-2	4.52047110E-1
-4.16920558E-2	4.52165157E-1
-4.20011804E-2	4.52454686E-1
-4.20603342E-2	4.52430844E-1
-4.20444459E-2	4.52608645E-1
-4.26083952E-2	4.52988386E-1
-4.33043689E-2	4.53321934E-1
-4.37540002E-2	4.53820288E-1
-4.44323197E-2	4.54147220E-1
-4.43046205E-2	4.54130679E-1
-4.42827195E-2	4.54149276E-1
-4.45122980E-2	4.54385519E-1
-4.51473519E-2	4.54838902E-1
-4.56839167E-2	4.55096930E-1
-4.62704860E-2	4.55423057E-1
-4.61217426E-2	4.55009431E-1
-4.55637947E-2	4.54826713E-1
-4.49978188E-2	4.54573393E-1
-4.43167314E-2	4.54065889E-1
-4.40751463E-2	4.54129189E-1
-4.45188917E-2	4.54367846E-1
-4.49223220E-2	4.54646051E-1
-4.51593697E-2	4.54801828E-1
-4.53558750E-2	4.54760194E-1
-4.50743847E-2	4.54595059E-1
-4.51374203E-2	4.54661250E-1
-4.52162251E-2	4.54738975E-1
-4.50476669E-2	4.54685330E-1
-4.51785624E-2	4.54809070E-1
-4.51242141E-2	4.54599112E-1
-4.48885486E-2	4.54621434E-1
-4.47932035E-2	4.54509199E-1
-4.45820540E-2	4.54316914E-1
-4.40135300E-2	4.53941315E-1
-4.36218455E-2	4.53598559E-1
-4.33016010E-2	4.53480750E-1
-4.27674763E-2	4.53113198E-1
-4.22335155E-2	4.52689052E-1
-4.19248529E-2	4.52428550E-1
-4.14552651E-2	4.51988071E-1
-4.09544855E-2	4.51525897E-1
-4.07213792E-2	4.51304525E-1
-4.03417945E-2	4.50897545E-1
-4.01072465E-2	4.50474858E-1
-3.97855379E-2	4.50236827E-1
-3.95248458E-2	4.49712068E-1
-3.91430035E-2	4.49187368E-1
-3.88118252E-2	4.49038476E-1
-3.86958085E-2	4.48604971E-1
-3.83927859E-2	4.48165387E-1
-3.80811095E-2	4.47887897E-1
-3.78593840E-2	4.47286636E-1
-3.74100395E-2	4.46813643E-1
-3.70101854E-2	4.46129352E-1
-3.68613414E-2	4.45538700E-1
-3.62712145E-2	4.44465250E-1
-3.57687362E-2	4.43668574E-1
-3.55134234E-2	4.43348587E-1
-3.53148133E-2	4.43085432E-1
-3.52712460E-2	4.42912787E-1
-3.51124853E-2	4.42687482E-1
-3.45229469E-2	4.41395789E-1
-3.38029712E-2	4.39770430E-1
-3.32378037E-2	4.38561350E-1
-3.27420533E-2	4.37142104E-1
-3.22902799E-2	4.36197758E-1
-3.19342501E-2	4.35971469E-1
-3.18325795E-2	4.35452878E-1
-3.14417779E-2	4.34265345E-1
-3.07926219E-2	4.33128893E-1
-3.05716526E-2	4.31468904E-1
-3.00314408E-2	4.30160165E-1
-2.96139810E-2	4.29576308E-1
-2.94868127E-2	4.29449111E-1
-2.93970406E-2	4.29046899E-1
-2.92012040E-2	4.28353488E-1
-2.90936157E-2	4.28021401E-1
-2.89346389E-2	4.26991612E-1
-2.85633262E-2	4.25899088E-1
-2.83323918E-2	4.25586700E-1
-2.79308688E-2	4.24165010E-1
-2.76015885E-2	4.22427684E-1
-2.71387249E-2	4.21355873E-1
-2.68842485E-2	4.20239568E-1
-2.65737008E-2	4.19359565E-1
-2.64727753E-2	4.19134200E-1
-2.64018346E-2	4.18786407E-1
-2.66958978E-2	4.20056969E-1
-2.69592218E-2	4.20686036E-1
-2.70296950E-2	4.21305031E-1
-2.71141101E-2	4.21477675E-1
-2.70806327E-2	4.20993119E-1
-2.68559195E-2	4.19523954E-1
-2.63458341E-2	4.17394847E-1
-2.57784333E-2	4.15868461E-1
-2.51385812E-2	4.11388665E-1
-2.45618857E-2	4.08226550E-1
-2.38642320E-2	4.05635595E-1
-2.33930387E-2	4.02942628E-1
-2.28951089E-2	4.01171833E-1
-2.26471927E-2	3.99075031E-1
-2.23520063E-2	3.98123533E-1
-2.21587196E-2	3.96015823E-1
-2.16629822E-2	3.92136365E-1
-2.11931448E-2	3.91038299E-1
-2.10441276E-2	3.87478471E-1
-2.06346828E-2	3.84568274E-1
-2.06211358E-2	3.84811848E-1
-2.08822973E-2	3.86994481E-1
-2.09166482E-2	3.86677921E-1
-2.08524000E-2	3.86323124E-1
-2.08301842E-2	3.84463549E-1
-2.05682144E-2	3.85667354E-1
-2.11760420E-2	3.88849109E-1
-2.15563942E-2	3.91357303E-1
-2.17022821E-2	3.93993527E-1
-2.19069775E-2	3.94138724E-1
-2.16844846E-2	3.91703188E-1
-2.12431755E-2	3.87910694E-1
-2.06648596E-2	3.85013223E-1
-2.03305632E-2	3.80920142E-1
-2.00031232E-2	3.78336430E-1
-1.96123235E-2	3.75819415E-1
-1.94176007E-2	3.74371469E-1
-1.92517247E-2	3.71829182E-1
-1.89548545E-2	3.68070096E-1
-1.83274001E-2	3.62012118E-1
-1.77245177E-2	3.50474060E-1
-1.71090644E-2	3.41365784E-1
-1.66100394E-2	3.39359313E-1
-1.64818466E-2	3.38139236E-1
-1.65407751E-2	3.38725716E-1
-1.65707413E-2	3.37883383E-1
-1.62499454E-2	3.32184464E-1
-1.59667376E-2	3.26317430E-1
-1.56333297E-2	3.23431462E-1
-1.55174332E-2	3.21107000E-1
-1.53924227E-2	3.20174903E-1
-1.53694367E-2	3.19426537E-1
-1.53207360E-2	3.19433481E-1
-1.52701978E-2	3.16652179E-1
-1.50337005E-2	3.13773215E-1
-1.47301545E-2	3.08569133E-1
-1.45336585E-2	2.99877495E-1
-1.40362969E-2	2.94282138E-1
-1.36273159E-2	2.86288708E-1
-1.31676598E-2	2.70935714E-1
-1.27196200E-2	2.56798148E-1
-1.20822843E-2	2.44383499E-1
-1.15171634E-2	2.31633037E-1
-1.11137396E-2	2.22575754E-1
-1.09475954E-2	2.20919997E-1
-1.09298667E-2	2.20741823E-1
-1.09278150E-2	2.19436109E-1
-1.08089298E-2	2.15328813E-1
-1.05832424E-2	2.06544161E-1
-1.00460974E-2	1.97311297E-1
-9.73444898E-3	1.90127566E-1
-9.49094910E-3	1.83511257E-1
-9.07985400E-3	1.74873829E-1
-8.83166958E-3	1.71314523E-1
-8.65204353E-3	1.65850043E-1
-8.54320824E-3	1.64270610E-1
-8.42662249E-3	1.61582112E-1
-8.16141721E-3	1.56414360E-1
-8.08638241E-3	1.53220013E-1
-7.89458863E-3	1.50458440E-1
-7.79206539E-3	1.48540556E-1
-7.74387037E-3	1.45758510E-1
-7.45036080E-3	1.41177237E-1
-7.25296792E-3	1.35382533E-1
-7.07780942E-3	1.31940186E-1
-6.73279446E-3	1.26798108E-1
-6.59517013E-3	1.22528158E-1
-6.43400941E-3	1.16727658E-1
-6.19512750E-3	1.13526955E-1
-6.10723486E-3	1.11324422E-1
-6.03376515E-3	1.10604979E-1
-6.01940136E-3	1.10584550E-1
-5.99749526E-3	1.10232480E-1
-5.97798824E-3	1.09378494E-1
-5.91733400E-3	1.08276203E-1
-5.74679021E-3	1.07505091E-1
-5.60518447E-3	9.24575552E-2
-5.53402072E-3	9.46830735E-2
-5.44604706E-3	9.58962068E-2
-5.44469431E-3	9.79340374E-2
-5.52325509E-3	9.79914665E-2
-5.49326558E-3	9.76130217E-2
-5.47868432E-3	9.67064053E-2
-5.42619871E-3	9.51768532E-2
-5.35961846E-3	9.46364105E-2
-5.30868489E-3	9.27215815E-2
-5.25547983E-3	9.09196138E-2
-5.18159010E-3	8.97843167E-2
-5.11176325E-3	8.79348665E-2
-5.07039484E-3	8.63411427E-2
-5.00689587E-3	8.52538496E-2
-4.94034356E-3	8.31216872E-2
-4.88771824E-3	8.08330774E-2
-4.80369246E-3	7.92263150E-2
-4.71138023E-3	7.71714002E-2
-4.67457157E-3	7.36246854E-2
-4.54232888E-3	6.99350908E-2
-4.41599451E-3	6.86322972E-2
-4.32446506E-3	6.33672848E-2
-4.19689156E-3	6.11505881E-2
-4.08244459E-3	5.88594191E-2
-4.01126361E-3	5.54981120E-2
-3.90837109E-3	5.27218021E-2
-3.82836116E-3	5.12104109E-2
-3.77875543E-3	4.97061722E-2
-3.69877159E-3	4.67307903E-2
-3.62358335E-3	4.60129417E-2
-3.56725580E-3	4.34903614E-2
-3.48171988E-3	4.09048833E-2
-3.39211756E-3	3.92429754E-2
-3.33893276E-3	3.76143120E-2
-3.23726493E-3	3.48499715E-2
-3.16893170E-3	3.22357528E-2
-3.10982624E-3	3.06132250E-2
-3.01010255E-3	2.84626745E-2
-2.94637214E-3	2.71971822E-2
-2.91247084E-3	2.63811722E-2
-2.86713778E-3	2.58138087E-2
-2.84755905E-3	2.49609407E-2
-2.80913920E-3	2.46121231E-2
-2.78446241E-3	2.38759313E-2
-2.74174055E-3	2.27916818E-2
-2.67822319E-3	2.18111798E-2
-2.62898603E-3	1.99556910E-2
-2.51592975E-3	1.82916727E-2
-2.40598666E-3	1.60998479E-2
-2.36583129E-3	1.36808278E-2
-2.23597581E-3	1.22785298E-2
-2.12801644E-3	1.11116376E-2
-2.04488263E-3	8.96258187E-3
-1.91709353E-3	7.10596424E-3
-1.79514743E-3	5.88739384E-3
-1.71292713E-3	4.58034780E-3
-1.58471009E-3	2.63805501E-3
-1.45335484E-3	6.90588146E-4
-1.36280211E-3	-6.32073788E-4
-1.22774031E-3	-2.44418858E-3
-1.07699493E-3	-4.29449789E-3
-9.71107278E-4	-4.88872454E-3
-8.62969842E-4	-6.70802128E-3
-6.91355439E-4	-8.53336975E-3
-5.77181578E-4	-9.62523464E-3
-4.01360070E-4	-1.14183472E-2
-2.21343900E-4	-1.25127444E-2
-1.27513689E-4	-1.33843906E-2
-2.67227006E-5	-1.43137109E-2
1.19491660E-5	-1.46618607E-2
1.62812066E-5	-1.47030605E-2
1.75322566E-5	-1.47177819E-2
1.79794242E-5	-1.47233354E-2
1.80534807E-5	-1.47253862E-2
1.81914183E-5	-1.47275263E-2
1.82456897E-5	-1.47280591E-2
1.81433661E-5	-1.47273261E-2
1.82253370E-5	-1.47266192E-2
1.81518462E-5	-1.47246784E-2
1.82394706E-5	-1.47242118E-2
1.84819928E-5	-1.47263445E-2
1.85317404E-5	-1.47332484E-2
1.85334357E-5	-1.47389593E-2
1.84198070E-5	-1.47421220E-2
1.84514647E-5	-1.47474725E-2
1.83457505E-5	-1.47484243E-2
1.84243308E-5	-1.47500439E-2
1.83576230E-5	-1.47535307E-2
1.82140320E-5	-1.47544406E-2
1.82762160E-5	-1.47583056E-2
1.81801115E-5	-1.47605548E-2
1.84848195E-5	-1.47598647E-2
1.85843146E-5	-1.47621715E-2
1.85481349E-5	-1.47640519E-2
1.87426031E-5	-1.47641934E-2
1.86775906E-5	-1.47656221E-2
1.85673543E-5	-1.47647457E-2
1.85667886E-5	-1.47656146E-2
1.85990120E-5	-1.47663401E-2
1.87273381E-5	-1.47663476E-2
1.87759561E-5	-1.47656575E-2
1.87064215E-5	-1.47653501E-2
1.86091875E-5	-1.47657897E-2
1.87216865E-5	-1.47682093E-2
1.87595615E-5	-1.47705963E-2
1.90218707E-5	-1.47718517E-2
1.90829251E-5	-1.47723677E-2
1.92163388E-5	-1.47724207E-2
1.92632615E-5	-1.47721618E-2
1.93107480E-5	-1.47724785E-2
1.93712367E-5	-1.47728166E-2
1.93525811E-5	-1.47731332E-2
1.94192889E-5	-1.47727830E-2
1.94294644E-5	-1.47729199E-2
1.95843622E-5	-1.47725726E-2
1.94984332E-5	-1.47747053E-2
2.01400708E-5	-1.47759486E-2
2.03175805E-5	-1.47769889E-2
2.02678330E-5	-1.47775663E-2
2.02667015E-5	-1.47776846E-2
1.98545840E-5	-1.47735029E-2
1.96765086E-5	-1.47746736E-2
1.96408946E-5	-1.47729842E-2
1.94419026E-5	-1.47713386E-2
1.95108714E-5	-1.47714447E-2
1.96821620E-5	-1.47718079E-2
1.96527672E-5	-1.47721209E-2
1.98251946E-5	-1.47746075E-2
1.98235030E-5	-1.47767300E-2
1.97149657E-5	-1.47763984E-2
1.95956854E-5	-1.47780897E-2
1.96680467E-5	-1.47787463E-2
1.95934244E-5	-1.47785135E-2
1.96816127E-5	-1.47768920E-2
1.97070531E-5	-1.47759560E-2
1.96228193E-5	-1.47749614E-2
1.97873287E-5	-1.47742582E-2
1.96703077E-5	-1.47749567E-2
1.96601304E-5	-1.47755593E-2
1.97189238E-5	-1.47775225E-2
1.96188630E-5	-1.47775561E-2
1.96499550E-5	-1.47788776E-2
1.96680467E-5	-1.47786448E-2
1.97613226E-5	-1.47774145E-2
1.96691763E-5	-1.47774257E-2
1.97545396E-5	-1.47765921E-2
1.96296041E-5	-1.47751523E-2
1.94984495E-5	-1.47745935E-2
1.95781595E-5	-1.47739202E-2
1.95442408E-5	-1.47730727E-2
1.95318044E-5	-1.47725157E-2
1.95323701E-5	-1.47723434E-2
1.95024077E-5	-1.47715667E-2
1.95809862E-5	-1.47686079E-2
1.96239507E-5	-1.47678340E-2
1.96075562E-5	-1.47663122E-2
1.94922322E-5	-1.47655280E-2
1.95770299E-5	-1.47662824E-2
1.96409110E-5	-1.47674698E-2
1.95866396E-5	-1.47672715E-2
1.95465018E-5	-1.47668356E-2
1.96002038E-5	-1.47656994E-2
1.94809181E-5	-1.47665367E-2
1.94085551E-5	-1.47673525E-2
1.95074826E-5	-1.47706326E-2
1.94707372E-5	-1.47732627E-2
1.94944805E-5	-1.47737227E-2
1.94961758E-5	-1.47755938E-2
1.93740671E-5	-1.47774732E-2
1.93514552E-5	-1.47768371E-2
1.93214928E-5	-1.47776594E-2
1.94136410E-5	-1.47764310E-2
1.95436642E-5	-1.47743635E-2
1.95804096E-5	-1.47723705E-2
1.96182864E-5	-1.47718526E-2
1.94334261E-5	-1.47715379E-2
1.94469940E-5	-1.47720557E-2
1.94537770E-5	-1.47720035E-2
1.95204848E-5	-1.47723900E-2
1.95561006E-5	-1.47916358E-2
3.02253648E-5	-1.49242757E-2
7.73102074E-5	-1.53905889E-2
1.20368291E-4	-1.60917938E-2
1.79681549E-4	-1.68902539E-2
2.81849934E-4	-1.75164621E-2
3.60510661E-4	-1.81841068E-2
4.98543435E-4	-1.92802772E-2
6.33486197E-4	-2.03768071E-2
7.10379216E-4	-2.09054593E-2
7.99718779E-4	-2.14644857E-2
8.55291903E-4	-2.18899343E-2
8.94990284E-4	-2.21334565E-2
9.61600104E-4	-2.24296525E-2
1.00498495E-3	-2.28103530E-2
1.07751426E-3	-2.30573025E-2
1.12655910E-3	-2.33910773E-2
1.20594737E-3	-2.36384533E-2
1.26018689E-3	-2.37271599E-2
1.31700211E-3	-2.36268211E-2
1.43319834E-3	-2.30318662E-2
1.54534681E-3	-2.26469059E-2
1.61965913E-3	-2.08787080E-2
1.73761637E-3	-1.80404857E-2
1.84894283E-3	-1.55379754E-2
1.92491210E-3	-1.10584544E-2
2.04561348E-3	-6.42436044E-3
2.16020807E-3	-3.55519773E-3
2.23365822E-3	4.01225989E-4
2.35180301E-3	3.47063621E-3
2.45027780E-3	5.15733520E-3
2.51295231E-3	6.75427122E-3
2.61795195E-3	8.85469466E-3
2.68630846E-3	1.09350029E-2
2.76483246E-3	1.24001298E-2
2.88757728E-3	1.44323641E-2
3.00239655E-3	1.62927359E-2
3.07884510E-3	1.76586285E-2
3.21708433E-3	2.00852137E-2
3.31676472E-3	2.24826150E-2
3.44781694E-3	2.39494164E-2
3.53084086E-3	2.52259951E-2
3.63553455E-3	2.69203819E-2
3.73077882E-3	2.81191114E-2
3.81383277E-3	3.05674467E-2
3.95945320E-3	3.25502194E-2
4.10737004E-3	3.46447155E-2
4.21468262E-3	3.83226350E-2
4.37349780E-3	4.20487300E-2
4.51768981E-3	4.43687737E-2
4.56498750E-3	4.78384756E-2
4.69491165E-3	5.06764986E-2
4.80419444E-3	5.25186546E-2
4.88195429E-3	5.50893843E-2
4.95405123E-3	5.58739677E-2
4.94222529E-3	5.54635078E-2
4.87309089E-3	5.40028252E-2
4.83252294E-3	5.29086851E-2
4.78974171E-3	5.27244173E-2
4.82201017E-3	5.41783050E-2
4.95508779E-3	5.65262549E-2
5.02575282E-3	5.91452792E-2
5.10910340E-3	6.06515147E-2
5.30537451E-3	6.81328550E-2
5.58690913E-3	7.65028745E-2
5.81819052E-3	7.98697621E-2
6.06897334E-3	8.86399597E-2
6.41544024E-3	9.65784192E-2
6.67690113E-3	1.00487240E-1
6.76583964E-3	1.02711141E-1
6.87355641E-3	1.04790218E-1
6.93445047E-3	1.05817080E-1
7.00373994E-3	1.09080553E-1
7.22519727E-3	1.12703405E-1
7.42960302E-3	1.23807736E-1
7.55443377E-3	1.24472879E-1
7.74912769E-3	1.25648603E-1
7.84333702E-3	1.27219632E-1
7.92235788E-3	1.31838381E-1
8.29380658E-3	1.38543084E-1
8.55447911E-3	1.42063364E-1
8.67180713E-3	1.43843994E-1
8.58333986E-3	1.40696779E-1
8.35743081E-3	1.37974098E-1
8.19603261E-3	1.34273350E-1
8.12715199E-3	1.34555966E-1
8.24852288E-3	1.36615440E-1
8.36859085E-3	1.40721351E-1
8.57393071E-3	1.43923193E-1
8.60146061E-3	1.44058764E-1
8.55721068E-3	1.43697038E-1
8.60170275E-3	1.44547626E-1
8.69834609E-3	1.48347586E-1
8.94892123E-3	1.56019494E-1
9.54711065E-3	1.72909826E-1
1.03141768E-2	1.80072650E-1
1.09060351E-2	2.01432079E-1
1.13673741E-2	2.06117243E-1
1.15933977E-2	2.13374227E-1
1.17512504E-2	2.14155972E-1
1.17659653E-2	2.15912759E-1
1.18055297E-2	2.16960341E-1
1.17805190E-2	2.17566803E-1
1.16815725E-2	2.10024118E-1
1.13810897E-2	2.06493586E-1
1.11988960E-2	2.01826006E-1
1.11066271E-2	1.97398126E-1
1.10798730E-2	2.00762302E-1
1.15863029E-2	2.14176059E-1
1.19328368E-2	2.24770069E-1
1.25767132E-2	2.34936938E-1
1.30258230E-2	2.43527532E-1
1.31235272E-2	2.53200144E-1
1.36958146E-2	2.63244718E-1
1.39325736E-2	2.67743349E-1
1.40141919E-2	2.71629423E-1
1.40464762E-2	2.68938601E-1
1.38884913E-2	2.67133683E-1
1.39469542E-2	2.69621491E-1
1.40501363E-2	2.70713687E-1
1.41573818E-2	2.73792922E-1
1.42524978E-2	2.77819663E-1
1.44597376E-2	2.81135112E-1
1.48505596E-2	2.88043648E-1
1.50307054E-2	2.93486685E-1
1.53531479E-2	2.97707856E-1
1.55273527E-2	3.00658315E-1
1.55479275E-2	3.00834268E-1
1.55386152E-2	3.00207645E-1
1.53851258E-2	2.97986448E-1
1.54183814E-2	3.01935345E-1
1.57331415E-2	3.06498021E-1
1.61609910E-2	3.14196795E-1
1.64837800E-2	3.20257097E-1
1.66936796E-2	3.20836395E-1
1.66735705E-2	3.19499940E-1
1.65406037E-2	3.18013966E-1
1.64746400E-2	3.17597210E-1
1.64367482E-2	3.16735417E-1
1.64274815E-2	3.17117989E-1
1.64247192E-2	3.16678286E-1
1.63268056E-2	3.15571964E-1
1.62983444E-2	3.15664470E-1
1.63353756E-2	3.16319764E-1
1.63982045E-2	3.17967355E-1
1.65318605E-2	3.20150971E-1
1.67166069E-2	3.23324323E-1
1.69321857E-2	3.26573223E-1
1.72044095E-2	3.30561072E-1
1.74009334E-2	3.33058417E-1
1.75020546E-2	3.34714174E-1
1.77164301E-2	3.36933911E-1
1.77739225E-2	3.38140309E-1
1.79949887E-2	3.42320025E-1
1.83827356E-2	3.48069370E-1
1.86945144E-2	3.51025820E-1
1.89214125E-2	3.54065597E-1
1.90311987E-2	3.54522049E-1
1.90062150E-2	3.53693664E-1
1.88519750E-2	3.52445990E-1
1.88396424E-2	3.52130920E-1
1.88321769E-2	3.51750553E-1
1.88367460E-2	3.52796972E-1
1.89653803E-2	3.53810102E-1
1.90635715E-2	3.55219603E-1
1.91828907E-2	3.56862694E-1
1.92741510E-2	3.58005017E-1
1.93577111E-2	3.58941078E-1
1.95099469E-2	3.60835820E-1
1.97297223E-2	3.63236457E-1
1.98369026E-2	3.65755498E-1
2.02428699E-2	3.69269758E-1
2.05519963E-2	3.71663630E-1
2.08319575E-2	3.73467892E-1
2.09212769E-2	3.73957574E-1
2.09929310E-2	3.75085026E-1
2.10475028E-2	3.76033515E-1
2.11834293E-2	3.76611441E-1
2.12261043E-2	3.77301395E-1
2.12658048E-2	3.77305150E-1
2.12352611E-2	3.76818359E-1
2.11130437E-2	3.75411272E-1
2.09976807E-2	3.74214858E-1
2.07852218E-2	3.72082204E-1
2.04775874E-2	3.70353341E-1
2.04740483E-2	3.71456951E-1
2.09067818E-2	3.75747263E-1
2.15473715E-2	3.79166722E-1
2.19240300E-2	3.83675456E-1
2.24357024E-2	3.85818660E-1
2.24966668E-2	3.86714637E-1
2.25277599E-2	3.87902796E-1
2.28565354E-2	3.90336096E-1
2.34365761E-2	3.93962651E-1
2.39452254E-2	3.96970868E-1
2.42293403E-2	3.98504496E-1
2.43659541E-2	3.99195552E-1
2.44983621E-2	4.00236964E-1
2.46581919E-2	4.01338369E-1
2.48766113E-2	4.02247906E-1
2.50008963E-2	4.02612776E-1
2.50387695E-2	4.02815968E-1
2.50850134E-2	4.02992666E-1
2.51259785E-2	4.03669715E-1
2.51817238E-2	4.03808773E-1
2.52547357E-2	4.04499978E-1
2.54501365E-2	4.05478358E-1
2.55726110E-2	4.05896217E-1
2.57225800E-2	4.07105327E-1
2.60699261E-2	4.08067435E-1
2.61467155E-2	4.08753157E-1
2.64616124E-2	4.10253346E-1
2.67831516E-2	4.11759526E-1
2.70052906E-2	4.12733018E-1
2.73687951E-2	4.14411724E-1
2.77353507E-2	4.15835500E-1
2.78625786E-2	4.16708708E-1
2.82434542E-2	4.18248534E-1
2.86925584E-2	4.19584632E-1
2.88679060E-2	4.20217246E-1
2.91072596E-2	4.20908481E-1
2.93019433E-2	4.21490431E-1
2.93473676E-2	4.21789348E-1
2.95343418E-2	4.22296464E-1
2.96096522E-2	4.22682703E-1
2.97141168E-2	4.23056990E-1
2.99642831E-2	4.23796117E-1
3.01160906E-2	4.24467444E-1
3.02795935E-2	4.24716592E-1
3.02887894E-2	4.24647272E-1
3.02003715E-2	4.24634039E-1
3.01427785E-2	4.24317777E-1
3.04204281E-2	4.25708205E-1
3.08123641E-2	4.27399725E-1
3.13341133E-2	4.28410619E-1
3.17314230E-2	4.29708630E-1
3.18649113E-2	4.29379046E-1
3.17364596E-2	4.29208189E-1
3.16346735E-2	4.28727716E-1
3.13401408E-2	4.27976042E-1
3.10838372E-2	4.27533805E-1
3.09071708E-2	4.26888406E-1
3.08093857E-2	4.26810563E-1
3.07905097E-2	4.26720679E-1
3.07516512E-2	4.26765263E-1
3.07205506E-2	4.26648349E-1
3.06539889E-2	4.26504254E-1
3.06806993E-2	4.26806599E-1
3.07087507E-2	4.26668346E-1
3.07280812E-2	4.26800311E-1
3.07057351E-2	4.26691860E-1
3.07037923E-2	4.26504314E-1
3.07605676E-2	4.26757365E-1
3.08061298E-2	4.27210450E-1
3.10222618E-2	4.27630216E-1
3.10391560E-2	4.27634180E-1
3.10217980E-2	4.27736104E-1
3.10665760E-2	4.27648127E-1
3.12048569E-2	4.27959263E-1
3.13566513E-2	4.28431809E-1
3.14594842E-2	4.28601205E-1
3.15931179E-2	4.28951293E-1
3.17130238E-2	4.29216862E-1
3.18630822E-2	4.30023372E-1
3.21789421E-2	4.30577040E-1
3.22588123E-2	4.30770636E-1
3.22953612E-2	4.30925488E-1
3.22342664E-2	4.30761874E-1
3.22715305E-2	4.30847704E-1
3.24190594E-2	4.31555718E-1
3.27071026E-2	4.31969970E-1
3.29946503E-2	4.33061063E-1
3.32701392E-2	4.33812648E-1
3.39255780E-2	4.34711665E-1
3.44334207E-2	4.35919464E-1
3.47085930E-2	4.36689526E-1
3.48687880E-2	4.36886370E-1
3.48765105E-2	4.36932415E-1
3.50001492E-2	4.37269807E-1
3.51852477E-2	4.37646270E-1
3.56627405E-2	4.38592792E-1
3.58616523E-2	4.39144760E-1
3.61573510E-2	4.39614415E-1
3.63014154E-2	4.39708978E-1
3.62785906E-2	4.39708471E-1
3.61468717E-2	4.39378470E-1
3.61886695E-2	4.39625740E-1
3.63805741E-2	4.40076441E-1
3.67106609E-2	4.40756381E-1
3.70744243E-2	4.41303670E-1
3.73306312E-2	4.41569239E-1
3.74343917E-2	4.41987395E-1
3.77869420E-2	4.42436665E-1
3.82187590E-2	4.43277031E-1
3.86444032E-2	4.44224417E-1
3.91634256E-2	4.44657743E-1
3.94686311E-2	4.45153058E-1
3.96591648E-2	4.45416749E-1
3.98017392E-2	4.45653051E-1
4.00256068E-2	4.45865095E-1
4.01953086E-2	4.46024686E-1
4.02726345E-2	4.46190327E-1
4.03765291E-2	4.46225911E-1
4.04142402E-2	4.46390957E-1
4.05650176E-2	4.46475953E-1
4.07910720E-2	4.46738750E-1
4.08826359E-2	4.46920455E-1
4.09684330E-2	4.47017014E-1
4.10277210E-2	4.47034478E-1
4.09587435E-2	4.47045833E-1
4.10730168E-2	4.47150618E-1
4.13456522E-2	4.47361082E-1
4.14751507E-2	4.47682738E-1
4.17668000E-2	4.47819531E-1
4.19922397E-2	4.48135763E-1
4.23652306E-2	4.48560506E-1
4.28182371E-2	4.48773652E-1
4.30927202E-2	4.49056089E-1
4.32604812E-2	4.49156940E-1
4.32435535E-2	4.49201137E-1
4.32158895E-2	4.49208379E-1
4.33733203E-2	4.49324042E-1
4.34279293E-2	4.49325055E-1
4.34921049E-2	4.49524969E-1
4.38868180E-2	4.49681908E-1
4.39053178E-2	4.49656904E-1
4.40682024E-2	4.49770987E-1
4.41935211E-2	4.49815333E-1
4.41969410E-2	4.49845970E-1
4.44597937E-2	4.50025618E-1
4.45122384E-2	4.50058818E-1
4.46089320E-2	4.50168043E-1
4.48203683E-2	4.50324714E-1
4.50748429E-2	4.50594723E-1
4.53976691E-2	4.50786322E-1
4.58275490E-2	4.51102793E-1
4.65213954E-2	4.51511830E-1
4.69200984E-2	4.51665163E-1
4.77279164E-2	4.52097297E-1
4.83933873E-2	4.52409744E-1
4.87597063E-2	4.52590346E-1
4.89621833E-2	4.52713341E-1
4.89137657E-2	4.52734113E-1
4.89281565E-2	4.52752173E-1
4.88889292E-2	4.52727884E-1
4.89800423E-2	4.52918440E-1
4.92808409E-2	4.53039587E-1
4.97870222E-2	4.53319579E-1
5.06154783E-2	4.53807771E-1
5.11766933E-2	4.54011559E-1
5.18641621E-2	4.54393566E-1
5.25412410E-2	4.54602122E-1
5.26114181E-2	4.54672188E-1
5.27929813E-2	4.54771608E-1
5.29964454E-2	4.54828650E-1
5.31777255E-2	4.54973876E-1
5.35053983E-2	4.55074817E-1
5.37239388E-2	4.55173403E-1
5.38084842E-2	4.55203921E-1
5.37734590E-2	4.55170542E-1
5.35901189E-2	4.55128908E-1
5.34791686E-2	4.55109149E-1
5.34445643E-2	4.55115229E-1
5.36169298E-2	4.55196768E-1
5.37484996E-2	4.55301851E-1
5.40053807E-2	4.55376446E-1
5.43449074E-2	4.55535293E-1
5.45709655E-2	4.55688834E-1
5.48331998E-2	4.55782115E-1
5.51239215E-2	4.55907077E-1
5.55413365E-2	4.56084430E-1
5.58835194E-2	4.56221849E-1
5.64882010E-2	4.56461579E-1
5.70275523E-2	4.56648231E-1
5.72240166E-2	4.56723958E-1
5.75113930E-2	4.56852853E-1
5.77390529E-2	4.56910580E-1
5.76529987E-2	4.56905037E-1
5.72586954E-2	4.56736743E-1
5.67912050E-2	4.56580818E-1
5.64491153E-2	4.56496298E-1
5.64041734E-2	4.56517786E-1
5.64593859E-2	4.56553936E-1
5.64069375E-2	4.56517905E-1
5.66926412E-2	4.56708431E-1
5.69778159E-2	4.56819445E-1
5.73182888E-2	4.56978232E-1
5.77068217E-2	4.57064003E-1
5.74912801E-2	4.57043350E-1
5.75344265E-2	4.57041115E-1
5.78605905E-2	4.57137883E-1
5.80922924E-2	4.57274973E-1
5.84433563E-2	4.57375705E-1
5.87702245E-2	4.57542062E-1
5.94484396E-2	4.57942963E-1
6.01323918E-2	4.58138585E-1
6.10008016E-2	4.58486855E-1
6.18073978E-2	4.58633721E-1
6.20465167E-2	4.58673209E-1
6.20838776E-2	4.58698183E-1
6.20465539E-2	4.58709955E-1
6.20407015E-2	4.58726197E-1
6.21510968E-2	4.58759338E-1
6.20087013E-2	4.58726764E-1
6.18783981E-2	4.58658785E-1
6.13969751E-2	4.58533347E-1
6.10388182E-2	4.58450019E-1
6.08941801E-2	4.58408952E-1
6.05882853E-2	4.58321035E-1
6.02969043E-2	4.58233982E-1
6.01396188E-2	4.58190769E-1
5.99294454E-2	4.58126932E-1
5.97617738E-2	4.58077192E-1
5.96866012E-2	4.58042413E-1
5.93149513E-2	4.57911253E-1
5.88580370E-2	4.57734495E-1
5.84513322E-2	4.57566321E-1
5.77516779E-2	4.57347751E-1
5.73065951E-2	4.57207263E-1
5.71011491E-2	4.57152277E-1
5.69200367E-2	4.57115531E-1
5.67281991E-2	4.57027137E-1
5.65001778E-2	4.56934720E-1
5.60768880E-2	4.56786007E-1
5.56955636E-2	4.56649154E-1
5.54393828E-2	4.56554949E-1
5.50743490E-2	4.56420690E-1
5.47200181E-2	4.56279695E-1
5.44512495E-2	4.56172526E-1
5.40291481E-2	4.56004173E-1
5.36513776E-2	4.55853999E-1
5.34297228E-2	4.55761522E-1
5.30693419E-2	4.55607027E-1
5.26883416E-2	4.55435693E-1
5.23922108E-2	4.55305278E-1
5.18988781E-2	4.55095261E-1
5.14298379E-2	4.54894215E-1
5.11308126E-2	4.54763114E-1
5.06621040E-2	4.54552680E-1
5.02190664E-2	4.54351455E-1
4.99385223E-2	4.54221845E-1
4.95110564E-2	4.54027444E-1
4.91850153E-2	4.53874558E-1
4.89907973E-2	4.53780919E-1
4.87081595E-2	4.53645021E-1
4.84633483E-2	4.53515887E-1
4.82645854E-2	4.53417420E-1
4.79348004E-2	4.53257680E-1
4.75924909E-2	4.53092337E-1
4.74812984E-2	4.52981293E-1
4.70955707E-2	4.52788383E-1
4.66994867E-2	4.52569991E-1
4.63893414E-2	4.52398300E-1
4.58423272E-2	4.52091873E-1
4.52755243E-2	4.51770306E-1
4.49088849E-2	4.51560646E-1
4.43707779E-2	4.51242864E-1
4.39168252E-2	4.50976700E-1
4.36619371E-2	4.50808972E-1
4.32380326E-2	4.50536638E-1
4.30032983E-2	4.50307786E-1
4.26601209E-2	4.50145334E-1
4.23978195E-2	4.49861020E-1
4.20257300E-2	4.49567974E-1
4.16152440E-2	4.49324369E-1
4.12976630E-2	4.48862731E-1
4.08136547E-2	4.48353559E-1
4.02999595E-2	4.47978348E-1
3.99373546E-2	4.47324276E-1
3.94179672E-2	4.46684062E-1
3.89258526E-2	4.46252048E-1
3.85686792E-2	4.45501238E-1
3.80298458E-2	4.44721460E-1
3.75043079E-2	4.44184124E-1
3.71395834E-2	4.43308681E-1
3.66341919E-2	4.42503542E-1
3.61515060E-2	4.41947758E-1
3.57897356E-2	4.40926939E-1
3.52195539E-2	4.39897805E-1
3.46661098E-2	4.39200699E-1
3.42954509E-2	4.38118637E-1
3.38015258E-2	4.37147766E-1
3.32647525E-2	4.36345637E-1
3.28597836E-2	4.34967220E-1
3.22631337E-2	4.33571249E-1
3.16920839E-2	4.32671964E-1
3.13353464E-2	4.31315362E-1
3.08205299E-2	4.29917157E-1
3.02612409E-2	4.28873926E-1
2.98695955E-2	4.27234262E-1
2.93238238E-2	4.25659448E-1
2.88570058E-2	4.24733698E-1
2.85560787E-2	4.23254937E-1
2.82614809E-2	4.21926796E-1
2.79145502E-2	4.21222389E-1
2.77036093E-2	4.20112193E-1
2.73812637E-2	4.19062674E-1
2.70995945E-2	4.18353528E-1
2.69079786E-2	4.17297244E-1
2.66759787E-2	4.16657686E-1
2.65904590E-2	4.16462451E-1
2.65728850E-2	4.16376948E-1
2.65654456E-2	4.16357547E-1
2.65625436E-2	4.16350543E-1
2.65614893E-2	4.16343778E-1
2.65607368E-2	4.16342229E-1
2.65605357E-2	4.16340947E-1
2.65604313E-2	4.16330010E-1
2.65231840E-2	4.16063279E-1
2.63809264E-2	4.15600926E-1
2.62357146E-2	4.14421022E-1
2.58557294E-2	4.12630320E-1
2.54447088E-2	4.11365032E-1
2.51340792E-2	4.08925027E-1
2.46577840E-2	4.06763911E-1
2.41854079E-2	4.05086875E-1
2.38630790E-2	4.02446896E-1
2.34027151E-2	3.99848759E-1
2.29309201E-2	3.97945255E-1
2.26493664E-2	3.94934118E-1
2.21744590E-2	3.90672922E-1
2.16982067E-2	3.89494836E-1
2.13465709E-2	3.84962916E-1
2.07663924E-2	3.80195051E-1
1.99386179E-2	3.76265615E-1
1.97338518E-2	3.69883388E-1
1.91284735E-2	3.63783211E-1
1.85721498E-2	3.59646201E-1
1.82771217E-2	3.54138792E-1
1.78475920E-2	3.49164993E-1
1.74913872E-2	3.46127003E-1
1.72835682E-2	3.41486305E-1
1.69593748E-2	3.37172627E-1
1.67640317E-2	3.34269434E-1
1.65837631E-2	3.29625189E-1
1.62690226E-2	3.24691385E-1
1.59645248E-2	3.21602851E-1
1.57704782E-2	3.16149294E-1
1.54261813E-2	3.10649306E-1
1.50886187E-2	3.06416392E-1
1.48330238E-2	2.98850864E-1
1.44146495E-2	2.90727615E-1
1.39735723E-2	2.81252235E-1
1.36806071E-2	2.74684042E-1
1.32019930E-2	2.63922960E-1
1.27464905E-2	2.56815463E-1
1.23809883E-2	2.42226586E-1
1.20052351E-2	2.29539797E-1
1.14943180E-2	2.21696883E-1
1.10271126E-2	2.11014584E-1
1.07128695E-2	2.04661414E-1
1.05170514E-2	1.99861929E-1
1.02369068E-2	1.92600295E-1
1.00272195E-2	1.85205281E-1
9.72484890E-3	1.80593312E-1
9.42438561E-3	1.73409477E-1
9.22425184E-3	1.67688072E-1
8.96719750E-3	1.61953434E-1
8.69816169E-3	1.57781661E-1
8.49490054E-3	1.49141058E-1
8.18038452E-3	1.47013158E-1
7.85801373E-3	1.40035585E-1
7.65637821E-3	1.32897586E-1
7.39002414E-3	1.29214928E-1
7.13889441E-3	1.23352937E-1
6.94658514E-3	1.16834566E-1
6.63714111E-3	1.14517041E-1
6.29288424E-3	9.13771391E-2
6.03493303E-3	8.91393200E-2
5.66125009E-3	8.42467025E-2
5.29823592E-3	7.93800950E-2
4.96572768E-3	7.06246793E-2
4.76182671E-3	6.45183623E-2
4.48913407E-3	5.57039604E-2
4.28209594E-3	4.69225943E-2
3.99025297E-3	4.19932492E-2
3.70451692E-3	3.39284204E-2
3.34387016E-3	2.60188971E-2
3.11149913E-3	2.10238807E-2
2.71374104E-3	1.26943095E-2
2.38612620E-3	5.28268982E-3
1.89336448E-3	1.06314593E-3
1.43606123E-3	-4.75343037E-3
1.14134408E-3	-8.70341808E-3
8.26409552E-4	-1.04945879E-2
5.46375522E-4	-1.32177966E-2
3.74346768E-4	-1.52517818E-2
1.78068076E-4	-1.62773710E-2
5.55454171E-5	-1.73149090E-2
2.39955425E-5	-1.74127296E-2
2.24086925E-5	-1.74118094E-2
2.21995251E-5	-1.74151286E-2
2.21588234E-5	-1.74166467E-2
2.23289844E-5	-1.74170583E-2
2.23515963E-5	-1.74154285E-2
2.24640953E-5	-1.74112711E-2
2.23368988E-5	-1.74109675E-2
2.20926813E-5	-1.74101982E-2
2.22272265E-5	-1.74156204E-2
2.21559967E-5	-1.74166281E-2
2.20751554E-5	-1.74184851E-2
2.19813137E-5	-1.74200237E-2
2.18569421E-5	-1.74205489E-2
2.16924345E-5	-1.74196325E-2
2.15358414E-5	-1.74189806E-2
2.13826406E-5	-1.74173880E-2
2.13074527E-5	-1.74163021E-2
2.12424420E-5	-1.74157526E-2
2.13170642E-5	-1.74157079E-2
2.13865969E-5	-1.74166337E-2
2.13718995E-5	-1.74176004E-2
2.13899893E-5	-1.74175669E-2
2.14470874E-5	-1.74168069E-2
2.14742213E-5	-1.74142867E-2
2.14046886E-5	-1.74106713E-2
2.13357198E-5	-1.74094681E-2
2.12497907E-5	-1.74083132E-2
2.12492250E-5	-1.74085312E-2
2.10315775E-5	-1.74089167E-2
2.10971539E-5	-1.74051262E-2
2.11107217E-5	-1.74037702E-2
2.12254818E-5	-1.74032710E-2
2.13402418E-5	-1.74037945E-2
2.13057574E-5	-1.74033437E-2
2.11045044E-5	-1.74028501E-2
2.09614791E-5	-1.74053162E-2
2.06697750E-5	-1.74071658E-2
2.04509961E-5	-1.74114779E-2
2.03305844E-5	-1.74122360E-2
2.04029438E-5	-1.74126234E-2
2.05171382E-5	-1.74122881E-2
2.04521275E-5	-1.74115822E-2
2.03565887E-5	-1.74117461E-2
2.04238604E-5	-1.74160581E-2
2.00349223E-5	-1.74175948E-2
2.00846698E-5	-1.74175203E-2
1.98788930E-5	-1.74203850E-2
1.96799010E-5	-1.74163319E-2
1.98415837E-5	-1.74155179E-2
1.97782665E-5	-1.74156651E-2
1.95521388E-5	-1.74161978E-2
1.96041492E-5	-1.74166057E-2
1.96827277E-5	-1.74197331E-2
1.97731788E-5	-1.74204204E-2
1.98461057E-5	-1.74200758E-2
1.98478010E-5	-1.74179003E-2
1.96979927E-5	-1.74174160E-2
1.96324145E-5	-1.74171794E-2
1.94984350E-5	-1.74196344E-2
1.96199780E-5	-1.74199231E-2
1.98059679E-5	-1.74194034E-2
1.96799010E-5	-1.74191836E-2
1.97658301E-5	-1.74192879E-2
1.96442870E-5	-1.74240153E-2
1.96640722E-5	-1.74263492E-2
1.98381913E-5	-1.74302161E-2
1.97353038E-5	-1.74323767E-2
1.96267629E-5	-1.74326915E-2
1.94973054E-5	-1.74354427E-2
1.94956083E-5	-1.74340494E-2
1.94854329E-5	-1.74411237E-2
1.07351332E-6	-1.77721661E-2
-1.20556891E-4	-1.84259620E-2
-3.22464504E-4	-1.98437497E-2
-5.11507737E-4	-2.17288528E-2
-8.07742472E-4	-2.18676198E-2
-1.07796129E-3	-1.88118927E-2
-1.27009221E-3	-1.47338174E-2
-1.55743281E-3	-6.39321096E-3
-1.84006884E-3	2.72070873E-3
-2.02667038E-3	7.52536673E-3
-2.27942248E-3	1.12817260E-2
-2.48638005E-3	1.55242328E-2
-2.64531490E-3	1.93237010E-2
-2.87839887E-3	2.18895711E-2
-3.13108251E-3	2.82756574E-2
-3.39228427E-3	3.13458368E-2
-3.55636235E-3	3.65080275E-2
-3.83844553E-3	4.09973934E-2
-4.04270738E-3	4.77765575E-2
-4.38426388E-3	5.60249761E-2
-4.75120544E-3	6.66369721E-2
-5.02096070E-3	7.75991529E-2
-5.44689083E-3	8.15128088E-2
-5.87846711E-3	9.39753354E-2
-6.18534861E-3	1.01615623E-1
-6.65309513E-3	1.31371796E-1
-7.13760545E-3	1.33284837E-1
-7.69343087E-3	1.38714522E-1
-8.05512723E-3	1.47846550E-1
-8.60454142E-3	1.59122437E-1
-8.97266250E-3	1.66320607E-1
-9.45695676E-3	1.75971106E-1
-9.82089993E-3	1.83174789E-1
-1.00333048E-2	1.87528640E-1
-1.03036324E-2	1.93327323E-1
-1.05720917E-2	2.02076480E-1
-1.09763928E-2	2.08203107E-1
-1.11917099E-2	2.15928942E-1
-1.14799645E-2	2.21413910E-1
-1.15810791E-2	2.21876100E-1
-1.15522631E-2	2.20155835E-1
-1.14208916E-2	2.17797622E-1
-1.12885330E-2	2.12820947E-1
-1.10157365E-2	2.05609798E-1
-1.06669189E-2	2.00168267E-1
-1.03997644E-2	1.91120312E-1
-9.96228214E-3	1.81314945E-1
-9.54882149E-3	1.72846571E-1
-9.13314428E-3	1.67538062E-1
-8.87070224E-3	1.61940202E-1
-8.44772719E-3	1.49565563E-1
-8.11969303E-3	1.42783672E-1
-7.60112982E-3	1.31569088E-1
-7.09451083E-3	1.24236353E-1
-6.53842371E-3	9.46369395E-2
-6.02699164E-3	9.09897685E-2
-5.68002276E-3	8.68193284E-2
-5.16138738E-3	7.72096589E-2
-4.87007573E-3	6.59220368E-2
-4.48111165E-3	5.93207218E-2
-4.11275262E-3	4.95339446E-2
-3.89664806E-3	4.11041453E-2
-3.51952272E-3	3.48329805E-2
-3.04122572E-3	2.43761763E-2
-2.68454966E-3	1.75764840E-2
-2.08466849E-3	7.83314276E-3
-1.44210388E-3	2.13682139E-3
-1.05887919E-3	-6.59734290E-3
-5.52989426E-4	-9.70029179E-3
-1.93854707E-4	-1.27405981E-2
-7.62018535E-5	-1.36398543E-2
1.23352729E-5	-1.41857872E-2
1.79438157E-5	-1.41841797E-2
1.80303105E-5	-1.41911888E-2
1.82315634E-5	-1.41936988E-2
1.81801188E-5	-1.41984336E-2
1.81399810E-5	-1.42044714E-2
1.82168660E-5	-1.42073585E-2
1.82801814E-5	-1.42113166E-2
1.85419231E-5	-1.42161055E-2
1.87194346E-5	-1.42208533E-2
1.88426729E-5	-1.42271211E-2
1.90874562E-5	-1.42299896E-2
1.90060509E-5	-1.42320814E-2
1.90309238E-5	-1.42308464E-2
1.89495186E-5	-1.42282052E-2
1.89438651E-5	-1.42265512E-2
1.88737667E-5	-1.42272981E-2
1.88488921E-5	-1.42271901E-2
1.88845079E-5	-1.42255947E-2
1.88681133E-5	-1.42267039E-2
1.92016505E-5	-1.42301796E-2
1.91236377E-5	-1.42328674E-2
1.94000768E-5	-1.42353764E-2
1.93802916E-5	-1.42379459E-2
1.93316737E-5	-1.42405992E-2
1.94605655E-5	-1.42425317E-2
1.94334298E-5	-1.42428912E-2
1.95583652E-5	-1.42436251E-2
1.95057910E-5	-1.42436270E-2
1.95142711E-5	-1.42452829E-2
1.95894590E-5	-1.42447930E-2
1.95781522E-5	-1.42443180E-2
1.94317345E-5	-1.42454291E-2
1.94605655E-5	-1.42479539E-2
1.94990080E-5	-1.42510291E-2
1.93311080E-5	-1.42534645E-2
1.94328659E-5	-1.42528666E-2
1.94255153E-5	-1.42516280E-2
1.93723754E-5	-1.42494068E-2
1.92932312E-5	-1.42479809E-2
1.93237593E-5	-1.42478291E-2
1.91852560E-5	-1.42479958E-2
1.92796633E-5	-1.42477993E-2
1.93384567E-5	-1.42477145E-2
1.95182274E-5	-1.42471101E-2
1.94792210E-5	-1.42465672E-2
1.94181666E-5	-1.42460782E-2
1.93147134E-5	-1.42461751E-2
1.92236967E-5	-1.42463194E-2
1.92559201E-5	-1.42465606E-2
1.92344378E-5	-1.42472386E-2
1.92383959E-5	-1.42473485E-2
1.92457446E-5	-1.42473420E-2
1.92632688E-5	-1.42480014E-2
1.93876385E-5	-1.42489988E-2
1.96414730E-5	-1.42500456E-2
1.95425455E-5	-1.42516764E-2
1.95634675E-5	-1.42518170E-2
1.95012872E-5	-1.42534468E-2
1.94617151E-5	-1.42550124E-2
1.95035482E-5	-1.42560676E-2
1.95939992E-5	-1.42570809E-2
1.96171768E-5	-1.42583875E-2
1.95357716E-5	-1.42578632E-2
1.95142893E-5	-1.42566105E-2
1.94741515E-5	-1.42554492E-2
1.94046170E-5	-1.42539544E-2
1.93882224E-5	-1.42537160E-2
1.93893538E-5	-1.42547740E-2
1.94995919E-5	-1.42552909E-2
1.95295524E-5	-1.42549491E-2
1.94294917E-5	-1.42520154E-2
1.94707591E-5	-1.42492428E-2
1.94458862E-5	-1.42481457E-2
1.93599572E-5	-1.42479604E-2
1.96256569E-5	-1.42499264E-2
1.96330056E-5	-1.42514659E-2
1.95787361E-5	-1.42500754E-2
