# Mess-Beginn: 22.07.2026 13:05:43
# Kei2000	Kei2000
2.03594609E-5	-1.58315785E-2
2.04911812E-5	-1.58315208E-2
2.05443212E-5	-1.58335511E-2
2.04465214E-5	-1.58335250E-2
2.02503561E-5	-1.58336535E-2
2.03238469E-5	-1.58341639E-2
2.03125419E-5	-1.58327743E-2
2.03159325E-5	-1.58321615E-2
2.03905547E-5	-1.58317871E-2
2.04001662E-5	-1.58299264E-2
2.03153686E-5	-1.58284400E-2
2.04103417E-5	-1.58285871E-2
2.05471497E-5	-1.58267170E-2
2.05556280E-5	-1.58254970E-2
2.05211436E-5	-1.58242695E-2
2.05041852E-5	-1.58248711E-2
2.05788074E-5	-1.58259049E-2
2.03668114E-5	-1.58274509E-2
2.02899282E-5	-1.58281755E-2
2.02712727E-5	-1.58267915E-2
2.01531202E-5	-1.58269890E-2
2.03419386E-5	-1.58257168E-2
2.02984083E-5	-1.58248935E-2
2.02407464E-5	-1.58257224E-2
2.02209594E-5	-1.58275012E-2
2.01842140E-5	-1.58282183E-2
2.01203329E-5	-1.58260241E-2
2.02876672E-5	-1.58240143E-2
2.03656818E-5	-1.58244241E-2
2.03063228E-5	-1.58227775E-2
2.04742228E-5	-1.58242639E-2
2.02854062E-5	-1.58254411E-2
2.02729680E-5	-1.58243105E-2
2.01938237E-5	-1.58264060E-2
2.02678802E-5	-1.58264004E-2
2.03018008E-5	-1.58269443E-2
2.01836501E-5	-1.58282407E-2
2.03950858E-5	-1.58270970E-2
2.01570911E-5	-1.58282015E-2
2.02430238E-5	-1.58273857E-2
2.03255622E-5	-1.58283152E-2
2.02820320E-5	-1.58297829E-2
2.04024454E-5	-1.58300474E-2
2.03939653E-5	-1.58323385E-2
2.04120552E-5	-1.58333089E-2
2.04781991E-5	-1.58317499E-2
2.04629341E-5	-1.58303697E-2
2.04301468E-5	-1.58283208E-2
2.03905729E-5	-1.58273019E-2
2.04945918E-5	-1.58277769E-2
2.05228589E-5	-1.58282612E-2
2.05194665E-5	-1.58289727E-2
2.05019423E-5	-1.58284418E-2
2.03984873E-5	-1.58277042E-2
2.03973577E-5	-1.58275403E-2
2.04414519E-5	-1.58259440E-2
2.03611762E-5	-1.58240814E-2
2.02831634E-5	-1.58243142E-2
2.02758129E-5	-1.58237200E-2
2.02254996E-5	-1.58243496E-2
2.04211010E-5	-1.58244837E-2
2.04629341E-5	-1.58258043E-2
2.05488632E-5	-1.58275552E-2
2.05827819E-5	-1.58289876E-2
2.04968546E-5	-1.58295371E-2
2.03702220E-5	-1.58285014E-2
2.04318421E-5	-1.58262346E-2
2.02164556E-5	-1.58239938E-2
2.01672719E-5	-1.58235189E-2
2.02385017E-5	-1.58237796E-2
2.01429630E-5	-1.58257298E-2
2.03594809E-5	-1.58316251E-2
5.03871070E-6	-1.61509886E-2
-4.50583902E-5	-1.67934988E-2
-2.15855631E-4	-1.74020976E-2
-2.71853001E-4	-1.85146276E-2
-4.58150258E-4	-1.91344675E-2
-5.93588920E-4	-1.93951968E-2
-6.56438526E-4	-1.94888953E-2
-6.93971931E-4	-1.94022730E-2
-7.14485766E-4	-1.93206128E-2
-7.42353324E-4	-1.93080530E-2
-7.57696165E-4	-1.91315766E-2
-8.04681738E-4	-1.89095680E-2
-8.47950869E-4	-1.87725667E-2
-9.05294844E-4	-1.80975329E-2
-9.62490740E-4	-1.74277890E-2
-1.04350806E-3	-1.65889729E-2
-1.09336898E-3	-1.56102888E-2
-1.14064338E-3	-1.38035696E-2
-1.23271334E-3	-1.22812083E-2
-1.29370089E-3	-1.09116770E-2
-1.31023827E-3	-9.30702779E-3
-1.35419541E-3	-7.91362114E-3
-1.40065467E-3	-7.39797391E-3
-1.43225561E-3	-5.77925285E-3
-1.46467506E-3	-4.17627301E-3
-1.52152264E-3	-2.94074486E-3
-1.55429041E-3	-1.37023709E-3
-1.60203921E-3	-4.45445621E-4
-1.63318391E-3	9.22365813E-4
-1.66703027E-3	1.70445431E-3
-1.69661583E-3	2.44516530E-3
-1.74412096E-3	3.51529755E-3
-1.77571957E-3	4.21200180E-3
-1.80590607E-3	5.07965125E-3
-1.82532438E-3	5.31976204E-3
-1.84091763E-3	5.62145934E-3
-1.87089376E-3	6.39872253E-3
-1.90183776E-3	7.19443522E-3
-1.94804836E-3	7.70123396E-3
-1.97989633E-3	8.08658823E-3
-1.98263093E-3	8.30449071E-3
-1.98623305E-3	8.50210432E-3
-2.01434363E-3	8.90090317E-3
-2.04423117E-3	9.34923720E-3
-2.09033093E-3	1.00439303E-2
-2.11908203E-3	1.04950573E-2
-2.13707448E-3	1.07932594E-2
-2.14029406E-3	1.09326104E-2
-2.14116066E-3	1.10097509E-2
-2.14219908E-3	1.11000473E-2
-2.14329571E-3	1.16242804E-2
-2.18753214E-3	1.20504517E-2
-2.23337300E-3	1.24772200E-2
-2.24877754E-3	1.31216859E-2
-2.29447987E-3	1.32821584E-2
-2.29762634E-3	1.33393696E-2
-2.29857559E-3	1.34035852E-2
-2.29962193E-3	1.34894578E-2
-2.30900920E-3	1.35399913E-2
-2.35174643E-3	1.40851606E-2
-2.36694096E-3	1.46984989E-2
-2.41325842E-3	1.51012717E-2
-2.45168852E-3	1.54785020E-2
-2.45869788E-3	1.58373564E-2
-2.48821615E-3	1.65023394E-2
-2.53462163E-3	1.69658083E-2
-2.56584561E-3	1.74280778E-2
-2.59637693E-3	1.79147124E-2
-2.61862227E-3	1.80645753E-2
-2.66148616E-3	1.85286533E-2
-2.67707440E-3	1.92256700E-2
-2.72416160E-3	1.96966063E-2
-2.76642502E-3	2.03271136E-2
-2.77217710E-3	2.03788020E-2
-2.77383602E-3	2.04210170E-2
-2.77503673E-3	2.04426013E-2
-2.77779228E-3	2.05927584E-2
-2.79389462E-3	2.12316141E-2
-2.83868331E-3	2.14723852E-2
-2.88502825E-3	2.22091731E-2
-2.89980299E-3	2.28373893E-2
-2.92955479E-3	2.29660105E-2
-2.93212570E-3	2.30186079E-2
-2.93875765E-3	2.34907232E-2
-2.96880375E-3	2.39762142E-2
-3.01462086E-3	2.47182772E-2
-3.04570608E-3	2.52212994E-2
-3.07624205E-3	2.55583916E-2
-3.08842515E-3	2.56044436E-2
-3.09808878E-3	2.59696711E-2
-3.14059830E-3	2.62134988E-2
-3.15598398E-3	2.69620530E-2
-3.20240995E-3	2.77405363E-2
-3.23120062E-3	2.81431098E-2
-3.24487220E-3	2.82245651E-2
-3.24740051E-3	2.82961931E-2
-3.25007946E-3	2.86133718E-2
-3.28155491E-3	2.91312225E-2
-3.31165874E-3	2.96858046E-2
-3.35715804E-3	3.05302460E-2
-3.38613312E-3	3.11053414E-2
-3.40229389E-3	3.12134139E-2
-3.41392192E-3	3.16334330E-2
-3.44298244E-3	3.25220004E-2
-3.48925451E-3	3.31198797E-2
-3.53548257E-3	3.39833386E-2
-3.54886148E-3	3.42011563E-2
-3.55955493E-3	3.42441685E-2
-3.56444786E-3	3.43466401E-2
-3.57532082E-3	3.50294635E-2
-3.60417645E-3	3.56452130E-2
-3.64991673E-3	3.65928859E-2
-3.69284325E-3	3.73686962E-2
-3.70541494E-3	3.74615528E-2
-3.71641433E-3	3.75198312E-2
-3.72474943E-3	3.79340984E-2
-3.73801147E-3	3.85865979E-2
-3.78328073E-3	3.92616838E-2
-3.82930064E-3	4.02772576E-2
-3.85729596E-3	4.09339704E-2
-3.87172238E-3	4.09847237E-2
-3.87417176E-3	4.10071947E-2
-3.87547771E-3	4.10210229E-2
-3.87580064E-3	4.10241485E-2
-3.87638900E-3	4.10248041E-2
-3.87872383E-3	4.10827994E-2
-3.88014666E-3	4.11418639E-2
-3.88603006E-3	4.12149988E-2
-3.89919686E-3	4.17437144E-2
-3.92675959E-3	4.27512378E-2
-3.95424152E-3	4.30912971E-2
-3.99448350E-3	4.41156887E-2
-4.02783789E-3	4.47208025E-2
-4.03190497E-3	4.48066741E-2
-4.05754102E-3	4.52663936E-2
-4.08718968E-3	4.62604500E-2
-4.11746185E-3	4.69424464E-2
-4.16235812E-3	4.79569845E-2
-4.18319227E-3	4.82615829E-2
-4.18638252E-3	4.83052544E-2
-4.19906946E-3	4.86591496E-2
-4.24296083E-3	4.97322977E-2
-4.27324092E-3	5.08278310E-2
-4.30412916E-3	5.16317673E-2
-4.36119735E-3	5.30613884E-2
-4.40925360E-3	5.38268499E-2
-4.44097444E-3	5.45978136E-2
-4.48832242E-3	5.57474829E-2
-4.52089356E-3	5.66626415E-2
-4.53610020E-3	5.74585684E-2
-4.58300253E-3	5.82616888E-2
-4.62916726E-3	5.94208725E-2
-4.65356652E-3	5.99022955E-2
-4.68238303E-3	6.09436557E-2
-4.72838711E-3	6.21355176E-2
-4.75951610E-3	6.29369169E-2
-4.80614416E-3	6.36938885E-2
-4.81271138E-3	6.39655665E-2
-4.81572468E-3	6.40161112E-2
-4.81858291E-3	6.40775263E-2
-4.83191106E-3	6.48454353E-2
-4.87016886E-3	6.59132376E-2
-4.89952834E-3	6.62853867E-2
-4.94329585E-3	6.73837066E-2
-4.96153859E-3	6.78025112E-2
-4.96881129E-3	6.78991303E-2
-4.97274892E-3	6.79538697E-2
-4.97397268E-3	6.80085644E-2
-4.97806119E-3	6.82311580E-2
-4.99418471E-3	6.89249486E-2
-5.03748143E-3	6.96782619E-2
-5.08215139E-3	7.08370358E-2
-5.11015952E-3	7.15410858E-2
-5.12555242E-3	7.19582811E-2
-5.13371220E-3	7.22916573E-2
-5.15859341E-3	7.30207488E-2
-5.20377699E-3	7.41945878E-2
-5.24993381E-3	7.53981024E-2
-5.26468921E-3	7.59341866E-2
-5.28471824E-3	7.60505646E-2
-5.28722629E-3	7.62068704E-2
-5.30625181E-3	7.71454573E-2
-5.33528347E-3	7.79334977E-2
-5.38072642E-3	7.87452757E-2
-5.41496417E-3	8.01972896E-2
-5.45738405E-3	8.11458379E-2
-5.50675718E-3	8.19629431E-2
-5.55202365E-3	8.31492841E-2
-5.57836518E-3	8.38246197E-2
-5.59355272E-3	8.42024684E-2
-5.59701212E-3	8.43104273E-2
-5.59802726E-3	8.44434351E-2
-5.60791884E-3	8.46410617E-2
-5.62060159E-3	8.49851072E-2
-5.63084520E-3	8.57136846E-2
-5.65504283E-3	8.63910764E-2
-5.69287268E-3	8.70094001E-2
-5.72705222E-3	8.78699794E-2
-5.74832223E-3	8.82985145E-2
-5.75765362E-3	8.83998796E-2
-5.76010300E-3	8.86768326E-2
-5.77861443E-3	8.94262791E-2
-5.82530396E-3	9.06262100E-2
-5.87184820E-3	9.18203443E-2
-5.90287009E-3	9.24262777E-2
-5.91747323E-3	9.25283730E-2
-5.92005206E-3	9.26669165E-2
-5.94202941E-3	9.37377214E-2
-5.97176282E-3	9.44939107E-2
-6.01704046E-3	9.52604413E-2
-6.06335932E-3	9.63559225E-2
-6.07212773E-3	9.65370387E-2
-6.08225958E-3	9.69374180E-2
-6.11679535E-3	9.79466885E-2
-6.14499766E-3	9.86258015E-2
-6.18660590E-3	9.96137708E-2
-6.21291203E-3	1.00116551E-1
-6.22628909E-3	1.00402042E-1
-6.24534581E-3	1.00864969E-1
-6.27328875E-3	1.01879202E-1
-6.31510792E-3	1.02530681E-1
-6.35407446E-3	1.02839403E-1
-6.36964571E-3	1.03716291E-1
-6.37808442E-3	1.03990458E-1
-6.39781589E-3	1.04600929E-1
-6.42666919E-3	1.05310746E-1
-6.48137182E-3	1.06952652E-1
-6.53435104E-3	1.08306192E-1
-6.59891777E-3	1.09809712E-1
-6.62860787E-3	1.10949658E-1
-6.65526604E-3	1.11174770E-1
-6.66304305E-3	1.11329459E-1
-6.69561233E-3	1.12182610E-1
-6.72109611E-3	1.13063008E-1
-6.74747489E-3	1.13367520E-1
-6.80655101E-3	1.14799477E-1
-6.84099877E-3	1.15817733E-1
-6.87036756E-3	1.16487905E-1
-6.92403130E-3	1.16958871E-1
-6.98820269E-3	1.20417230E-1
-7.01727998E-3	1.20830365E-1
-7.07114721E-3	1.21426642E-1
-7.14269746E-3	1.22026935E-1
-7.17031304E-3	1.22914724E-1
-7.20947748E-3	1.23381883E-1
-7.20908679E-3	1.23362355E-1
-7.20675476E-3	1.23323403E-1
-7.20515195E-3	1.23291641E-1
-7.20271189E-3	1.23261593E-1
-7.20138941E-3	1.23219363E-1
-7.19974143E-3	1.23172477E-1
-7.19822617E-3	1.23167500E-1
-7.21878139E-3	1.23762190E-1
-7.23379478E-3	1.24813817E-1
-7.27945147E-3	1.25537023E-1
-7.35569885E-3	1.26678079E-1
-7.40084052E-3	1.27819076E-1
-7.42522255E-3	1.28509581E-1
-7.45925028E-3	1.29183054E-1
-7.49821914E-3	1.30073071E-1
-7.52679445E-3	1.30732551E-1
-7.57210376E-3	1.31406292E-1
-7.61097018E-3	1.32325441E-1
-7.61813484E-3	1.33040026E-1
-7.65587110E-3	1.33589312E-1
-7.72510190E-3	1.34622261E-1
-7.77036371E-3	1.35982901E-1
-7.80807715E-3	1.36642233E-1
-7.84219150E-3	1.37336984E-1
-7.84069579E-3	1.37185439E-1
-7.83366803E-3	1.37101844E-1
-7.82503560E-3	1.36999473E-1
-7.82374758E-3	1.37030676E-1
-7.83461705E-3	1.37474090E-1
-7.85822049E-3	1.37718737E-1
-7.89520051E-3	1.38440043E-1
-7.91515131E-3	1.38990030E-1
-7.93192722E-3	1.39195547E-1
-7.93122780E-3	1.39179066E-1
-7.93080498E-3	1.39232203E-1
-7.94199109E-3	1.39612511E-1
-7.98208266E-3	1.40155047E-1
-8.01732019E-3	1.40887812E-1
-8.05775914E-3	1.41384423E-1
-8.06582626E-3	1.41993016E-1
-8.10370129E-3	1.42788336E-1
-8.12874082E-3	1.43556803E-1
-8.15360062E-3	1.43826306E-1
-8.17585550E-3	1.44257411E-1
-8.17067549E-3	1.44147053E-1
-8.21227487E-3	1.44971073E-1
-8.24317336E-3	1.46584034E-1
-8.30783974E-3	1.47912145E-1
-8.38479307E-3	1.49004936E-1
-8.41741916E-3	1.50094882E-1
-8.45710095E-3	1.50428370E-1
-8.45484436E-3	1.50569692E-1
-8.48739967E-3	1.51005879E-1
-8.47893767E-3	1.50872618E-1
-8.47175717E-3	1.51068389E-1
-8.49074498E-3	1.51234299E-1
-8.50650668E-3	1.52059317E-1
-8.56405403E-3	1.53891519E-1
-8.61816388E-3	1.54262334E-1
-8.66530463E-3	1.55454561E-1
-8.69940128E-3	1.56285137E-1
-8.73534661E-3	1.56906858E-1
-8.76764860E-3	1.57824099E-1
-8.80384445E-3	1.58819869E-1
-8.85040872E-3	1.59944385E-1
-8.89394991E-3	1.60692394E-1
-8.93611088E-3	1.61256671E-1
-8.94102361E-3	1.61077693E-1
-8.94086529E-3	1.61294907E-1
-9.03152768E-3	1.63497001E-1
-9.10525676E-3	1.65825576E-1
-9.21865366E-3	1.67349800E-1
-9.27674212E-3	1.68452635E-1
-9.28310398E-3	1.67990029E-1
-9.24714282E-3	1.67704046E-1
-9.22540575E-3	1.66704938E-1
-9.14867315E-3	1.64905399E-1
-9.10518132E-3	1.64411515E-1
-9.08811204E-3	1.64198473E-1
-9.09151509E-3	1.64504334E-1
-9.13461298E-3	1.65327609E-1
-9.15742572E-3	1.65740386E-1
-9.13312752E-3	1.65498480E-1
-9.13427770E-3	1.65931597E-1
-9.16749518E-3	1.66418999E-1
-9.20252502E-3	1.67552307E-1
-9.24673863E-3	1.68441519E-1
-9.29328613E-3	1.68754295E-1
-9.31205507E-3	1.68990821E-1
-9.34135821E-3	1.69867814E-1
-9.37985722E-3	1.70832321E-1
-9.44831222E-3	1.72220841E-1
-9.48375091E-3	1.73451722E-1
-9.52040125E-3	1.74148485E-1
-9.57122445E-3	1.74784034E-1
-9.63461958E-3	1.77335098E-1
-9.70504712E-3	1.78106874E-1
-9.80807096E-3	1.80389181E-1
-9.90659837E-3	1.82364091E-1
-9.92568862E-3	1.83189958E-1
-9.97418445E-3	1.83880970E-1
-1.00186002E-2	1.84819356E-1
-1.00599760E-2	1.86427936E-1
-1.01301884E-2	1.87809810E-1
-1.02606034E-2	1.91902727E-1
-1.04020946E-2	1.98028639E-1
-1.05835833E-2	2.00187147E-1
-1.09245600E-2	2.08356887E-1
-1.12390192E-2	2.14947864E-1
-1.13917422E-2	2.17745379E-1
-1.14809722E-2	2.20608532E-1
-1.15699219E-2	2.21905634E-1
-1.15992036E-2	2.22905427E-1
-1.17019443E-2	2.24879473E-1
-1.18124923E-2	2.26673603E-1
-1.18549336E-2	2.28717551E-1
-1.20280590E-2	2.32452467E-1
-1.21342465E-2	2.35189483E-1
-1.22045586E-2	2.36285374E-1
-1.22568244E-2	2.37496033E-1
-1.23322522E-2	2.38778219E-1
-1.23725124E-2	2.39878908E-1
-1.24045527E-2	2.40786508E-1
-1.24458959E-2	2.41553113E-1
-1.24566564E-2	2.42555350E-1
-1.24969110E-2	2.42530674E-1
-1.24762207E-2	2.42800653E-1
-1.25386221E-2	2.44471565E-1
-1.25794681E-2	2.45345563E-1
-1.26175322E-2	2.47635454E-1
-1.27715617E-2	2.50195295E-1
-1.28254341E-2	2.50784606E-1
-1.28941629E-2	2.53413200E-1
-1.30120106E-2	2.55644351E-1
-1.30684515E-2	2.56329566E-1
-1.30826132E-2	2.56474167E-1
-1.30328657E-2	2.55348742E-1
-1.30049121E-2	2.54788309E-1
-1.29846549E-2	2.54488528E-1
-1.29545862E-2	2.53786564E-1
-1.29415244E-2	2.53529429E-1
-1.29206218E-2	2.53274173E-1
-1.29181771E-2	2.53456593E-1
-1.29727498E-2	2.54986346E-1
-1.30405063E-2	2.56197572E-1
-1.31065138E-2	2.58202970E-1
-1.31770968E-2	2.58990794E-1
-1.31850829E-2	2.58820355E-1
-1.31545318E-2	2.58132398E-1
-1.31085012E-2	2.57300228E-1
-1.30992625E-2	2.57202595E-1
-1.30899092E-2	2.56734312E-1
-1.30888615E-2	2.57383317E-1
-1.30901560E-2	2.56795079E-1
-1.30692180E-2	2.56572187E-1
-1.31218499E-2	2.58642763E-1
-1.32345045E-2	2.60384023E-1
-1.32680545E-2	2.61841208E-1
-1.33442264E-2	2.63075560E-1
-1.34016490E-2	2.63926178E-1
-1.34161580E-2	2.64167607E-1
-1.34715550E-2	2.66081601E-1
-1.35449804E-2	2.68007666E-1
-1.36212828E-2	2.68730998E-1
-1.36558618E-2	2.69546479E-1
-1.36659117E-2	2.69544482E-1
-1.36566749E-2	2.69367158E-1
-1.36618158E-2	2.69544303E-1
-1.36617497E-2	2.69352257E-1
-1.36721982E-2	2.69477040E-1
-1.36458511E-2	2.69011736E-1
-1.36077264E-2	2.68299371E-1
-1.35709336E-2	2.67358840E-1
-1.34930303E-2	2.66223937E-1
-1.34623516E-2	2.63825148E-1
-1.32161127E-2	2.57984698E-1
-1.30408397E-2	2.56255984E-1
-1.30083617E-2	2.54878312E-1
-1.29893702E-2	2.55369097E-1
-1.30793341E-2	2.57367969E-1
-1.31156174E-2	2.57591337E-1
-1.30508374E-2	2.56544381E-1
-1.29933907E-2	2.55734116E-1
-1.29721016E-2	2.55495310E-1
-1.29737286E-2	2.55349547E-1
-1.29726958E-2	2.56017566E-1
-1.30927339E-2	2.57040828E-1
-1.32930363E-2	2.63587296E-1
-1.35927089E-2	2.73582846E-1
-1.40998717E-2	2.80487895E-1
-1.44034475E-2	2.89211988E-1
-1.47187961E-2	2.92763650E-1
-1.48141924E-2	2.93640912E-1
-1.49215059E-2	2.97614664E-1
-1.51465600E-2	3.01705450E-1
-1.53965103E-2	3.04961890E-1
-1.56298913E-2	3.11194360E-1
-1.58195384E-2	3.13689888E-1
-1.60587244E-2	3.17608267E-1
-1.62331704E-2	3.19584101E-1
-1.62865687E-2	3.21617335E-1
-1.63892861E-2	3.23235244E-1
-1.64939351E-2	3.24400216E-1
-1.65826920E-2	3.26996803E-1
-1.67027172E-2	3.28037590E-1
-1.67860463E-2	3.29167575E-1
-1.68171488E-2	3.30312401E-1
-1.69242397E-2	3.31922561E-1
-1.70724299E-2	3.33510309E-1
-1.72549151E-2	3.37437928E-1
-1.74469016E-2	3.41489375E-1
-1.77479256E-2	3.44135255E-1
-1.79820340E-2	3.46313834E-1
-1.80114843E-2	3.47268283E-1
-1.80798080E-2	3.48274201E-1
-1.81347895E-2	3.48678023E-1
-1.81830190E-2	3.49883020E-1
-1.83273405E-2	3.51863503E-1
-1.84750184E-2	3.52942109E-1
-1.86576638E-2	3.55991006E-1
-1.89119969E-2	3.58672589E-1
-1.90686211E-2	3.60166162E-1
-1.92601569E-2	3.62118810E-1
-1.93350203E-2	3.63377661E-1
-1.94381177E-2	3.63672078E-1
-1.94758419E-2	3.64330649E-1
-1.94903892E-2	3.64322245E-1
-1.95103958E-2	3.64724189E-1
-1.95397269E-2	3.64995301E-1
-1.95822213E-2	3.65676850E-1
-1.96725521E-2	3.66650254E-1
-1.97074637E-2	3.66979331E-1
-1.97387747E-2	3.67398590E-1
-1.98152941E-2	3.68230164E-1
-1.98661629E-2	3.68649930E-1
-1.99739821E-2	3.69888395E-1
-2.01291330E-2	3.71279180E-1
-2.02522054E-2	3.72434020E-1
-2.03994755E-2	3.73421639E-1
-2.04836149E-2	3.74625891E-1
-2.05856469E-2	3.75388473E-1
-2.06016637E-2	3.75681251E-1
-2.06208136E-2	3.75776649E-1
-2.06486806E-2	3.75951678E-1
-2.06767544E-2	3.76128346E-1
-2.06896234E-2	3.76460671E-1
-2.07287911E-2	3.77011985E-1
-2.07837764E-2	3.77420396E-1
-2.08397806E-2	3.77698451E-1
-2.08686776E-2	3.77796859E-1
-2.07928065E-2	3.77280891E-1
-2.07011737E-2	3.76816660E-1
-2.06928309E-2	3.77204984E-1
-2.07424238E-2	3.77458483E-1
-2.08942927E-2	3.78809750E-1
-2.10340954E-2	3.79788727E-1
-2.10982412E-2	3.80010337E-1
-2.11842973E-2	3.80896807E-1
-2.13422254E-2	3.83472890E-1
-2.16708276E-2	3.86307389E-1
-2.20367406E-2	3.88162822E-1
-2.21945718E-2	3.89103919E-1
-2.22421885E-2	3.89023811E-1
-2.22296733E-2	3.89013886E-1
-2.22073551E-2	3.88760328E-1
-2.21843515E-2	3.89017940E-1
-2.22133137E-2	3.89006257E-1
-2.21537817E-2	3.87690365E-1
-2.20417697E-2	3.87005180E-1
-2.18442883E-2	3.86003911E-1
-2.16926560E-2	3.85005981E-1
-2.16548238E-2	3.85289729E-1
-2.16758046E-2	3.85288388E-1
-2.17435993E-2	3.85601014E-1
-2.17555724E-2	3.85880828E-1
-2.17493195E-2	3.85966361E-1
-2.17891783E-2	3.86370093E-1
-2.18145177E-2	3.86706531E-1
-2.18699146E-2	3.86908591E-1
-2.19844598E-2	3.87534916E-1
-2.20734999E-2	3.88337731E-1
-2.21795533E-2	3.89427483E-1
-2.23676004E-2	3.90216559E-1
-2.24350467E-2	3.90853226E-1
-2.24986449E-2	3.91323447E-1
-2.26020310E-2	3.91758800E-1
-2.26838570E-2	3.92395437E-1
-2.27713957E-2	3.93312842E-1
-2.28977706E-2	3.93880367E-1
-2.29667351E-2	3.94343466E-1
-2.30254214E-2	3.94893199E-1
-2.31002383E-2	3.95404935E-1
-2.31539998E-2	3.95697713E-1
-2.32184697E-2	3.96223128E-1
-2.33249795E-2	3.97039533E-1
-2.34108064E-2	3.97381574E-1
-2.34670378E-2	3.97932410E-1
-2.35548429E-2	3.98225188E-1
-2.36652736E-2	3.98384959E-1
-2.37148609E-2	3.99481267E-1
-2.38595735E-2	4.00036633E-1
-2.39763390E-2	4.00783390E-1
-2.41370425E-2	4.01719809E-1
-2.42196657E-2	4.02286977E-1
-2.43179500E-2	4.02644008E-1
-2.43714228E-2	4.03135538E-1
-2.44302712E-2	4.03293997E-1
-2.44976692E-2	4.03808385E-1
-2.46107243E-2	4.04249370E-1
-2.46775150E-2	4.04587805E-1
-2.47313865E-2	4.04895216E-1
-2.47975700E-2	4.05238986E-1
-2.48671174E-2	4.05870974E-1
-2.49792244E-2	4.06562775E-1
-2.51436662E-2	4.07088488E-1
-2.52540782E-2	4.07865405E-1
-2.53398996E-2	4.08513486E-1
-2.55406220E-2	4.09199774E-1
-2.57224683E-2	4.09807891E-1
-2.58086268E-2	4.10400748E-1
-2.59007942E-2	4.10772353E-1
-2.58916728E-2	4.10746247E-1
-2.58832835E-2	4.10778195E-1
-2.58981418E-2	4.10822034E-1
-2.58938037E-2	4.10809815E-1
-2.58998256E-2	4.11015689E-1
-2.59468760E-2	4.11239296E-1
-2.60197464E-2	4.11449790E-1
-2.60724351E-2	4.11704928E-1
-2.60969736E-2	4.11797374E-1
-2.61545237E-2	4.12016749E-1
-2.61868946E-2	4.12296861E-1
-2.62358803E-2	4.12526548E-1
-2.62142252E-2	4.12463933E-1
-2.61771716E-2	4.12222832E-1
-2.61304080E-2	4.12063986E-1
-2.60639619E-2	4.11877334E-1
-2.61243209E-2	4.12116438E-1
-2.61701625E-2	4.12577152E-1
-2.62825247E-2	4.13092017E-1
-2.65255999E-2	4.13867146E-1
-2.66828984E-2	4.14822102E-1
-2.67680921E-2	4.15060729E-1
-2.67081801E-2	4.14868981E-1
-2.66201161E-2	4.14284408E-1
-2.65012998E-2	4.14130241E-1
-2.65343376E-2	4.14215118E-1
-2.65583284E-2	4.14357841E-1
-2.66184900E-2	4.14658695E-1
-2.66805384E-2	4.14770573E-1
-2.66398583E-2	4.14516151E-1
-2.68708002E-2	4.15537804E-1
-2.72340477E-2	4.16929513E-1
-2.78008785E-2	4.19059724E-1
-2.82019675E-2	4.21423376E-1
-2.85816826E-2	4.22009438E-1
-2.85751466E-2	4.22006875E-1
-2.85728220E-2	4.22073066E-1
-2.85853855E-2	4.22092229E-1
-2.85628252E-2	4.22001094E-1
-2.85343174E-2	4.22005445E-1
-2.85467692E-2	4.21929151E-1
-2.84447595E-2	4.21639889E-1
-2.83136219E-2	4.21276540E-1
-2.83125099E-2	4.21129912E-1
-2.82643363E-2	4.21092540E-1
-2.83036437E-2	4.21356499E-1
-2.84203831E-2	4.21618819E-1
-2.84006726E-2	4.21572238E-1
-2.84441914E-2	4.21745539E-1
-2.84514371E-2	4.21733737E-1
-2.84921266E-2	4.21885729E-1
-2.85964273E-2	4.22182649E-1
-2.86226068E-2	4.22644198E-1
-2.87149437E-2	4.22810435E-1
-2.88883261E-2	4.23414141E-1
-2.89881360E-2	4.23877060E-1
-2.91835777E-2	4.24149007E-1
-2.92393807E-2	4.24688637E-1
-2.93463506E-2	4.25401092E-1
-2.96592861E-2	4.26284164E-1
-2.98125427E-2	4.26631153E-1
-2.98543014E-2	4.26977575E-1
-2.98721194E-2	4.26555604E-1
-2.98060067E-2	4.26561832E-1
-2.99359616E-2	4.26902622E-1
-3.01053841E-2	4.27620083E-1
-3.03405784E-2	4.28143144E-1
-3.05165779E-2	4.28664386E-1
-3.05438712E-2	4.28931922E-1
-3.06081846E-2	4.28935260E-1
-3.06660086E-2	4.29055959E-1
-3.06526590E-2	4.28996176E-1
-3.06331608E-2	4.28985387E-1
-3.06888130E-2	4.29251194E-1
-3.07616498E-2	4.29460555E-1
-3.08040436E-2	4.29588854E-1
-3.08043025E-2	4.29759145E-1
-3.09406482E-2	4.30285960E-1
-3.09720989E-2	4.30486143E-1
-3.10469698E-2	4.30697501E-1
-3.12543698E-2	4.30991113E-1
-3.12383994E-2	4.30888653E-1
-3.12306471E-2	4.30936664E-1
-3.12455613E-2	4.31081533E-1
-3.12736481E-2	4.30981964E-1
-3.12585905E-2	4.31063950E-1
-3.13953049E-2	4.31464195E-1
-3.15022357E-2	4.31672305E-1
-3.15762497E-2	4.31985140E-1
-3.17368470E-2	4.32328016E-1
-3.18111815E-2	4.32445318E-1
-3.19188610E-2	4.32691485E-1
-3.20367143E-2	4.33043510E-1
-3.20820957E-2	4.33359712E-1
-3.21629457E-2	4.33599532E-1
-3.23551521E-2	4.34054703E-1
-3.25150229E-2	4.34355646E-1
-3.26554067E-2	4.34789330E-1
-3.27556878E-2	4.34977114E-1
-3.27617861E-2	4.35104668E-1
-3.27747501E-2	4.35068458E-1
-3.27470116E-2	4.34967399E-1
-3.26844715E-2	4.34884220E-1
-3.26578543E-2	4.34690684E-1
-3.26014087E-2	4.34621602E-1
-3.26121189E-2	4.34716076E-1
-3.26691717E-2	4.34888035E-1
-3.27379741E-2	4.34949607E-1
-3.28351483E-2	4.35290009E-1
-3.29318419E-2	4.35512304E-1
-3.30385156E-2	4.35858130E-1
-3.32032256E-2	4.36559916E-1
-3.35646830E-2	4.37398732E-1
-3.38353142E-2	4.38018888E-1
-3.40779684E-2	4.38546628E-1
-3.45396027E-2	4.39193636E-1
-3.45921516E-2	4.39444810E-1
-3.46682593E-2	4.39491421E-1
-3.46197672E-2	4.39435780E-1
-3.45883109E-2	4.39378649E-1
-3.45632993E-2	4.39339697E-1
-3.45909223E-2	4.39494520E-1
-3.47561799E-2	4.39945489E-1
-3.49319503E-2	4.40183759E-1
-3.53008099E-2	4.40867841E-1
-3.54540907E-2	4.41257089E-1
-3.56084481E-2	4.41580623E-1
-3.58180813E-2	4.41829950E-1
-3.58707272E-2	4.42225575E-1
-3.60029005E-2	4.42277759E-1
-3.59976962E-2	4.42229360E-1
-3.60059217E-2	4.42341179E-1
-3.60797755E-2	4.42436546E-1
-3.62265445E-2	4.42752272E-1
-3.63498963E-2	4.42931414E-1
-3.64032574E-2	4.42984372E-1
-3.63712311E-2	4.42856163E-1
-3.61504257E-2	4.42555457E-1
-3.60654891E-2	4.42348689E-1
-3.59926969E-2	4.42284375E-1
-3.59761901E-2	4.42318171E-1
-3.60085256E-2	4.42397505E-1
-3.60661857E-2	4.42500561E-1
-3.61513272E-2	4.42770779E-1
-3.62981185E-2	4.43007290E-1
-3.63423973E-2	4.42972839E-1
-3.63772288E-2	4.43115175E-1
-3.64760533E-2	4.43232834E-1
-3.64655703E-2	4.43256795E-1
-3.66072617E-2	4.43568498E-1
-3.66719924E-2	4.43696082E-1
-3.67191024E-2	4.43682611E-1
-3.67121249E-2	4.43702340E-1
-3.70087698E-2	4.44413304E-1
-3.72442566E-2	4.44625556E-1
-3.72406878E-2	4.44763631E-1
-3.74267176E-2	4.45477903E-1
-3.78205776E-2	4.45802957E-1
-3.79816629E-2	4.46085423E-1
-3.83303650E-2	4.46542084E-1
-3.83498892E-2	4.46384609E-1
-3.83329988E-2	4.46543276E-1
-3.89858708E-2	4.47429925E-1
-3.94620895E-2	4.48509812E-1
-4.00589667E-2	4.49290812E-1
-4.03957739E-2	4.49230969E-1
-4.03032973E-2	4.49291497E-1
-4.03875113E-2	4.49417114E-1
-4.05761972E-2	4.49671239E-1
-4.09613550E-2	4.50052559E-1
-4.08319719E-2	4.49859053E-1
-4.03398983E-2	4.49427545E-1
-4.01120111E-2	4.49224502E-1
-4.00973856E-2	4.49245512E-1
-4.03579213E-2	4.49856341E-1
-4.09361981E-2	4.50198948E-1
-4.10690494E-2	4.50371712E-1
-4.07630168E-2	4.49774295E-1
-4.05506790E-2	4.49678928E-1
-4.03496064E-2	4.49139982E-1
-4.02845927E-2	4.49255288E-1
-4.09221761E-2	4.50043350E-1
-4.10374105E-2	4.49926466E-1
-4.09884378E-2	4.50004488E-1
-4.08173576E-2	4.49871182E-1
-4.05345075E-2	4.49742913E-1
-4.09743376E-2	4.50319588E-1
-4.18586321E-2	4.51182336E-1
-4.26423736E-2	4.51830775E-1
-4.28440385E-2	4.52192277E-1
-4.32832874E-2	4.52226222E-1
-4.33837548E-2	4.52323586E-1
-4.34083156E-2	4.52343881E-1
-4.32501659E-2	4.52100873E-1
-4.27003652E-2	4.51607198E-1
-4.22474146E-2	4.51243848E-1
-4.15247343E-2	4.50767785E-1
-4.13604379E-2	4.50790584E-1
-4.14385311E-2	4.51035619E-1
-4.18015495E-2	4.51376289E-1
-4.23895791E-2	4.51768368E-1
-4.31550182E-2	4.52466846E-1
-4.37212996E-2	4.52679247E-1
-4.36965376E-2	4.52856958E-1
-4.41927463E-2	4.53244567E-1
-4.44953479E-2	4.53246236E-1
-4.42282632E-2	4.53056395E-1
-4.44559678E-2	4.53182280E-1
-4.42920774E-2	4.53025192E-1
-4.41432185E-2	4.53162402E-1
-4.49285172E-2	4.53659922E-1
-4.50941585E-2	4.53715146E-1
-4.56735380E-2	4.54260916E-1
-4.62999456E-2	4.54346806E-1
-4.63142693E-2	4.54267591E-1
-4.64353748E-2	4.54547405E-1
-4.60960828E-2	4.54225719E-1
-4.56407331E-2	4.54005241E-1
-4.56360988E-2	4.54173863E-1
-4.55182418E-2	4.53866243E-1
-4.52841222E-2	4.54029858E-1
-4.56846021E-2	4.54249769E-1
-4.57707644E-2	4.54264671E-1
-4.61163931E-2	4.54654008E-1
-4.65372689E-2	4.54888523E-1
-4.71010357E-2	4.54941750E-1
-4.70754355E-2	4.55009282E-1
-4.74265963E-2	4.55222189E-1
-4.75300960E-2	4.55146581E-1
-4.70243618E-2	4.54994589E-1
-4.68087830E-2	4.54875439E-1
-4.65331562E-2	4.54676956E-1
-4.61510271E-2	4.54493314E-1
-4.61735465E-2	4.54527140E-1
-4.64121215E-2	4.54718530E-1
-4.65278216E-2	4.54790205E-1
-4.68150154E-2	4.54960912E-1
-4.69496362E-2	4.55062270E-1
-4.68887575E-2	4.54935789E-1
-4.63945195E-2	4.54689354E-1
-4.63428125E-2	4.54586059E-1
-4.60754670E-2	4.54442024E-1
-4.61004786E-2	4.54562694E-1
-4.61952128E-2	4.54571158E-1
-4.60737608E-2	4.54493850E-1
-4.63062301E-2	4.54661816E-1
-4.63683717E-2	4.54659432E-1
-4.64086831E-2	4.54787582E-1
-4.68494147E-2	4.55034673E-1
-4.71584536E-2	4.55197871E-1
-4.74744588E-2	4.55341369E-1
-4.76228707E-2	4.55426276E-1
-4.77439985E-2	4.55447853E-1
-4.75917123E-2	4.55422461E-1
-4.78257984E-2	4.55563039E-1
-4.79703397E-2	4.55607802E-1
-4.82092425E-2	4.55899924E-1
-4.91540916E-2	4.56331581E-1
-4.97610383E-2	4.56549317E-1
-5.01497090E-2	4.56836075E-1
-5.02817743E-2	4.56651181E-1
-4.96650971E-2	4.56433117E-1
-4.94133085E-2	4.56366658E-1
-4.93497252E-2	4.56427038E-1
-4.95708138E-2	4.56545085E-1
-4.99015003E-2	4.56718951E-1
-5.03350571E-2	4.56912339E-1
-5.05492687E-2	4.57000405E-1
-5.06352857E-2	4.57070976E-1
-5.08250967E-2	4.57126349E-1
-5.10079339E-2	4.57234144E-1
-5.12246042E-2	4.57328826E-1
-5.16207740E-2	4.57531065E-1
-5.18582873E-2	4.57670808E-1
-5.20167612E-2	4.57663298E-1
-5.19228838E-2	4.57621366E-1
-5.18362485E-2	4.57606643E-1
-5.21266088E-2	4.57761288E-1
-5.24581596E-2	4.58042979E-1
-5.31127825E-2	4.58316177E-1
-5.34436665E-2	4.58397955E-1
-5.33493310E-2	4.58406687E-1
-5.34714013E-2	4.58487958E-1
-5.35386391E-2	4.58615810E-1
-5.39321601E-2	4.58851457E-1
-5.47321066E-2	4.59019452E-1
-5.46139739E-2	4.59083527E-1
-5.48738651E-2	4.59100932E-1
-5.45388982E-2	4.58980799E-1
-5.43312654E-2	4.58949864E-1
-5.46874218E-2	4.59086627E-1
-5.48243262E-2	4.59235638E-1
-5.53021729E-2	4.59419250E-1
-5.55356108E-2	4.59457427E-1
-5.56658097E-2	4.59544301E-1
-5.56707270E-2	4.59510058E-1
-5.56420647E-2	4.59523439E-1
-5.56591712E-2	4.59460288E-1
-5.52449785E-2	4.59340692E-1
-5.48928268E-2	4.59251165E-1
-5.47514483E-2	4.59152102E-1
-5.46998009E-2	4.59092855E-1
-5.44603989E-2	4.59026754E-1
-5.43481968E-2	4.59011078E-1
-5.42963296E-2	4.58967954E-1
-5.41347601E-2	4.58922356E-1
-5.41657507E-2	4.58952218E-1
-5.41967452E-2	4.58879113E-1
-5.39810620E-2	4.58851755E-1
-5.39159663E-2	4.58765775E-1
-5.35292625E-2	4.58576381E-1
-5.31719774E-2	4.58389491E-1
-5.26280180E-2	4.58240151E-1
-5.26448637E-2	4.58315909E-1
-5.28602973E-2	4.58455026E-1
-5.31255379E-2	4.58515018E-1
-5.32792807E-2	4.58630085E-1
-5.32792285E-2	4.58611965E-1
-5.32188043E-2	4.58585620E-1
-5.31627052E-2	4.58621681E-1
-5.32112718E-2	4.58453089E-1
-5.28968088E-2	4.58395272E-1
-5.26116639E-2	4.58184153E-1
-5.23958653E-2	4.58229214E-1
-5.26804402E-2	4.58289981E-1
-5.27433045E-2	4.58374739E-1
-5.29814065E-2	4.58587646E-1
-5.31612672E-2	4.58574176E-1
-5.30939810E-2	4.58543420E-1
-5.29606715E-2	4.58489448E-1
-5.28460406E-2	4.58440810E-1
-5.27652167E-2	4.58400697E-1
-5.26042245E-2	4.58337784E-1
-5.24495244E-2	4.58260804E-1
-5.23203127E-2	4.58192825E-1
-5.21738157E-2	4.58121836E-1
-5.19098938E-2	4.57982868E-1
-5.13425544E-2	4.57770526E-1
-5.08347526E-2	4.57460523E-1
-5.05577661E-2	4.57378596E-1
-5.04350439E-2	4.57346976E-1
-5.05584814E-2	4.57425058E-1
-5.04210405E-2	4.57213610E-1
-5.00546396E-2	4.57126617E-1
-4.98991944E-2	4.57048148E-1
-4.97836284E-2	4.57069129E-1
-4.99439314E-2	4.57149923E-1
-4.99731526E-2	4.57091987E-1
-4.95249182E-2	4.56834167E-1
-4.93146256E-2	4.56797242E-1
-4.93147857E-2	4.56786692E-1
-4.92116511E-2	4.56700653E-1
-4.91020381E-2	4.56612170E-1
-4.87707518E-2	4.56395388E-1
-4.85503413E-2	4.56414104E-1
-4.88886274E-2	4.56682444E-1
-4.92653772E-2	4.56886768E-1
-4.99271117E-2	4.57160890E-1
-4.99284379E-2	4.57117200E-1
-4.98596542E-2	4.57085043E-1
-4.97405753E-2	4.57020938E-1
-4.96367291E-2	4.56954509E-1
-4.95103560E-2	4.56913203E-1
-4.94315997E-2	4.56850410E-1
-4.93018292E-2	4.56790715E-1
-4.91858684E-2	4.56745028E-1
-4.90806401E-2	4.56666350E-1
-4.89735045E-2	4.56615686E-1
-4.87719439E-2	4.56561416E-1
-4.87180352E-2	4.56482559E-1
-4.85840589E-2	4.56416309E-1
-4.84731495E-2	4.56377178E-1
-4.84109521E-2	4.56306905E-1
-4.82558906E-2	4.56225723E-1
-4.81060259E-2	4.56173509E-1
-4.79965433E-2	4.56089944E-1
-4.78728749E-2	4.56014007E-1
-4.77170870E-2	4.55957800E-1
-4.76002730E-2	4.55863953E-1
-4.74873185E-2	4.55786645E-1
-4.73502800E-2	4.55766469E-1
-4.72634733E-2	4.55724001E-1
-4.72357646E-2	4.55712914E-1
-4.71883155E-2	4.55693364E-1
-4.70853932E-2	4.55636501E-1
-4.70019430E-2	4.55566257E-1
-4.68953140E-2	4.55508649E-1
-4.67102267E-2	4.55438733E-1
-4.65717725E-2	4.55314934E-1
-4.63275388E-2	4.55178171E-1
-4.61113267E-2	4.55085725E-1
-4.59803119E-2	4.54970986E-1
-4.58048843E-2	4.54872817E-1
-4.56358083E-2	4.54804331E-1
-4.55123000E-2	4.54697281E-1
-4.53910120E-2	4.54604894E-1
-4.52337749E-2	4.54541057E-1
-4.51381840E-2	4.54441577E-1
-4.49597128E-2	4.54336196E-1
-4.47945260E-2	4.54300731E-1
-4.46867719E-2	4.54187006E-1
-4.45644818E-2	4.54076201E-1
-4.44108322E-2	4.54021186E-1
-4.42648083E-2	4.53924775E-1
-4.41725068E-2	4.53853786E-1
-4.40515950E-2	4.53805327E-1
-4.39184308E-2	4.53713536E-1
-4.38289680E-2	4.53660727E-1
-4.37189750E-2	4.53587383E-1
-4.35301699E-2	4.53493118E-1
-4.34868112E-2	4.53409284E-1
-4.33312878E-2	4.53335583E-1
-4.31736782E-2	4.53213483E-1
-4.30381894E-2	4.53104615E-1
-4.27840687E-2	4.52927738E-1
-4.26436402E-2	4.52816516E-1
-4.24971208E-2	4.52672213E-1
-4.23233695E-2	4.52564687E-1
-4.21872213E-2	4.52499688E-1
-4.21114564E-2	4.52432305E-1
-4.19902541E-2	4.52334553E-1
-4.18877527E-2	4.52251226E-1
-4.17326875E-2	4.52108592E-1
-4.16179933E-2	4.51992214E-1
-4.14606892E-2	4.51898545E-1
-4.13081124E-2	4.51756358E-1
-4.12089527E-2	4.51610208E-1
-4.10946645E-2	4.51503843E-1
-4.09286357E-2	4.51339602E-1
-4.08286303E-2	4.51256275E-1
-4.07001078E-2	4.51126426E-1
-4.05819789E-2	4.51040596E-1
-4.05196548E-2	4.50920194E-1
-4.03820314E-2	4.50810313E-1
-4.02346253E-2	4.50685143E-1
-4.01219614E-2	4.50482696E-1
-3.99759114E-2	4.50318396E-1
-3.98560911E-2	4.50208664E-1
-3.97952236E-2	4.50100482E-1
-3.96874174E-2	4.49964225E-1
-3.96127068E-2	4.49859291E-1
-3.94926630E-2	4.49702382E-1
-3.93757299E-2	4.49546218E-1
-3.92984673E-2	4.49431151E-1
-3.92070226E-2	4.49247986E-1
-3.90769169E-2	4.49054509E-1
-3.89234535E-2	4.48921680E-1
-3.88421379E-2	4.48794872E-1
-3.87082547E-2	4.48616445E-1
-3.86050753E-2	4.48475629E-1
-3.84498760E-2	4.48229700E-1
-3.83237638E-2	4.47984546E-1
-3.81486826E-2	4.47825789E-1
-3.80131043E-2	4.47620332E-1
-3.79289500E-2	4.47444588E-1
-3.78344767E-2	4.47363228E-1
-3.77625041E-2	4.47236687E-1
-3.76983583E-2	4.47123677E-1
-3.76508534E-2	4.47054058E-1
-3.75739224E-2	4.46888626E-1
-3.74997258E-2	4.46731746E-1
-3.73963229E-2	4.46670651E-1
-3.72844711E-2	4.46473986E-1
-3.72194797E-2	4.46310610E-1
-3.71056832E-2	4.46185023E-1
-3.69812883E-2	4.45946306E-1
-3.68701108E-2	4.45610225E-1
-3.66417021E-2	4.45353091E-1
-3.64223607E-2	4.44967180E-1
-3.62988524E-2	4.44749951E-1
-3.61359939E-2	4.44486946E-1
-3.60552818E-2	4.44332123E-1
-3.59656997E-2	4.44034874E-1
-3.57842036E-2	4.43727344E-1
-3.56126428E-2	4.43511128E-1
-3.54978032E-2	4.43181992E-1
-3.53189074E-2	4.42874044E-1
-3.52141857E-2	4.42672372E-1
-3.50250490E-2	4.42290813E-1
-3.48246880E-2	4.41957116E-1
-3.47101279E-2	4.41729128E-1
-3.45603079E-2	4.41471577E-1
-3.44956033E-2	4.41366524E-1
-3.43991593E-2	4.41230506E-1
-3.43268327E-2	4.41064239E-1
-3.42570692E-2	4.40744996E-1
-3.41225117E-2	4.40536052E-1
-3.39641832E-2	4.40162539E-1
-3.39025185E-2	4.39889371E-1
-3.36773582E-2	4.39579546E-1
-3.33731472E-2	4.39067096E-1
-3.32993194E-2	4.38566178E-1
-3.30583788E-2	4.38221276E-1
-3.28614376E-2	4.37757850E-1
-3.27440277E-2	4.37389731E-1
-3.26020792E-2	4.37204242E-1
-3.24965715E-2	4.36929613E-1
-3.24347243E-2	4.36727881E-1
-3.23246010E-2	4.36543494E-1
-3.21780667E-2	4.36187118E-1
-3.20966989E-2	4.35858488E-1
-3.19241062E-2	4.35567886E-1
-3.17437239E-2	4.35091704E-1
-3.16331461E-2	4.34669256E-1
-3.14769559E-2	4.34421539E-1
-3.13665345E-2	4.34112191E-1
-3.13064158E-2	4.33906943E-1
-3.12312711E-2	4.33782786E-1
-3.11462972E-2	4.33552265E-1
-3.10983937E-2	4.33393806E-1
-3.10330726E-2	4.33278501E-1
-3.09373476E-2	4.33018446E-1
-3.08814906E-2	4.32822883E-1
-3.07981893E-2	4.32670861E-1
-3.07301264E-2	4.32419419E-1
-3.06822155E-2	4.32159096E-1
-3.05624548E-2	4.31904376E-1
-3.04149501E-2	4.31528121E-1
-3.03360242E-2	4.31175113E-1
-3.01962327E-2	4.30951267E-1
-3.00595481E-2	4.30482686E-1
-2.99476329E-2	4.29990262E-1
-2.97779217E-2	4.29700077E-1
-2.96955518E-2	4.29396063E-1
-2.96267439E-2	4.29341346E-1
-2.96163149E-2	4.29318994E-1
-2.96012238E-2	4.29250985E-1
-2.95648817E-2	4.29114491E-1
-2.95288917E-2	4.29000169E-1
-2.94351298E-2	4.28794771E-1
-2.93124784E-2	4.28541243E-1
-2.92643812E-2	4.28065091E-1
-2.90844496E-2	4.27463651E-1
-2.89649684E-2	4.27095830E-1
-2.88497452E-2	4.26655203E-1
-2.87226569E-2	4.26458567E-1
-2.86383908E-2	4.26258177E-1
-2.85902917E-2	4.25902337E-1
-2.85219140E-2	4.25760746E-1
-2.83013321E-2	4.24676031E-1
-2.78014708E-2	4.23374921E-1
-2.73972843E-2	4.21174347E-1
-2.70107817E-2	4.19778377E-1
-2.65460480E-2	4.18376327E-1
-2.64092404E-2	4.18093592E-1
-2.63606049E-2	4.17974353E-1
-2.63455175E-2	4.17927086E-1
-2.63397414E-2	4.17906404E-1
-2.63330508E-2	4.17880476E-1
-2.63282675E-2	4.17861998E-1
-2.63255145E-2	4.17850494E-1
-2.63227019E-2	4.17839408E-1
-2.63210852E-2	4.17832345E-1
-2.63201073E-2	4.17825669E-1
-2.63173357E-2	4.17753994E-1
-2.62824614E-2	4.17591244E-1
-2.61978414E-2	4.17327702E-1
-2.61226054E-2	4.16858435E-1
-2.59631909E-2	4.16057527E-1
-2.58066729E-2	4.14867193E-1
-2.55151801E-2	4.14011598E-1
-2.53249891E-2	4.12776381E-1
-2.50817779E-2	4.11999553E-1
-2.49573402E-2	4.11548734E-1
-2.48208232E-2	4.10926551E-1
-2.46614106E-2	4.10121173E-1
-2.45338827E-2	4.09512877E-1
-2.43896488E-2	4.08806503E-1
-2.42443569E-2	4.08270329E-1
-2.41449364E-2	4.07726765E-1
-2.40224749E-2	4.06710565E-1
-2.38427389E-2	4.05697763E-1
-2.37119887E-2	4.04973179E-1
-2.34743599E-2	4.03678596E-1
-2.32311636E-2	4.01719660E-1
-2.30530892E-2	4.01234418E-1
-2.27625147E-2	3.99538517E-1
-2.25063656E-2	3.97996902E-1
-2.23560221E-2	3.97091001E-1
-2.21975241E-2	3.95718157E-1
-2.20058616E-2	3.94466698E-1
-2.18707677E-2	3.93640131E-1
-2.16491912E-2	3.92004400E-1
-2.14228164E-2	3.90428394E-1
-2.12804563E-2	3.89394581E-1
-2.10431367E-2	3.87554318E-1
-2.08150148E-2	3.85833442E-1
-2.06596702E-2	3.84626627E-1
-2.04974432E-2	3.82615745E-1
-2.02682633E-2	3.80962133E-1
-2.00947188E-2	3.79959822E-1
-1.99774094E-2	3.78500938E-1
-1.98328327E-2	3.77297550E-1
-1.97079815E-2	3.76523733E-1
-1.95968617E-2	3.74892503E-1
-1.94806587E-2	3.73710454E-1
-1.92971881E-2	3.72515172E-1
-1.91289969E-2	3.71359110E-1
-1.90593228E-2	3.69877905E-1
-1.89624969E-2	3.69195491E-1
-1.89173166E-2	3.68315041E-1
-1.88064948E-2	3.67065549E-1
-1.86925810E-2	3.66246134E-1
-1.86124705E-2	3.64551961E-1
-1.84539370E-2	3.62804145E-1
-1.82971209E-2	3.61452579E-1
-1.82390958E-2	3.59171152E-1
-1.80585459E-2	3.57844830E-1
-1.78867355E-2	3.55703980E-1
-1.77666657E-2	3.54178041E-1
-1.75817497E-2	3.52037340E-1
-1.74728725E-2	3.50196123E-1
-1.73450317E-2	3.48993152E-1
-1.72160957E-2	3.47249985E-1
-1.71199925E-2	3.45425695E-1
-1.69982743E-2	3.44298214E-1
-1.69201810E-2	3.43268037E-1
-1.68078039E-2	3.41732979E-1
-1.67374257E-2	3.41041923E-1
-1.66820586E-2	3.39655906E-1
-1.65828727E-2	3.38309586E-1
-1.65115204E-2	3.37642759E-1
-1.64389722E-2	3.36039096E-1
-1.63281783E-2	3.34489733E-1
-1.62144322E-2	3.33314538E-1
-1.61771514E-2	3.31711203E-1
-1.60786547E-2	3.30171138E-1
-1.59918070E-2	3.29379529E-1
-1.59268342E-2	3.27562898E-1
-1.58142690E-2	3.26249599E-1
-1.56785101E-2	3.24754536E-1
-1.56250000E-2	3.22004139E-1
-1.54790506E-2	3.19579810E-1
-1.53193800E-2	3.17759961E-1
-1.52291460E-2	3.15080196E-1
-1.50943734E-2	3.12508434E-1
-1.49448849E-2	3.10678899E-1
-1.48450211E-2	3.07520300E-1
-1.46960542E-2	3.05895269E-1
-1.45516964E-2	3.03189158E-1
-1.44724352E-2	3.01694632E-1
-1.43854143E-2	2.99993008E-1
-1.42850820E-2	2.98143357E-1
-1.42403645E-2	2.97199905E-1
-1.41468141E-2	2.94863105E-1
-1.40161971E-2	2.92222321E-1
-1.39378048E-2	2.90567875E-1
-1.37924869E-2	2.87706405E-1
-1.37099382E-2	2.85606056E-1
-1.36246476E-2	2.84375429E-1
-1.35562262E-2	2.82042772E-1
-1.34620722E-2	2.80734956E-1
-1.33522376E-2	2.79041767E-1
-1.32592507E-2	2.75854021E-1
-1.31075121E-2	2.72254586E-1
-1.29545666E-2	2.69864649E-1
-1.28710968E-2	2.66912550E-1
-1.27490442E-2	2.64368445E-1
-1.26739759E-2	2.63291925E-1
-1.26312077E-2	2.61609495E-1
-1.25356056E-2	2.59456009E-1
-1.24541763E-2	2.58145660E-1
-1.23843579E-2	2.55533606E-1
-1.23082548E-2	2.53456205E-1
-1.21918730E-2	2.52190441E-1
-1.21231591E-2	2.49872714E-1
-1.20418658E-2	2.47095883E-1
-1.18847033E-2	2.45192841E-1
-1.18532274E-2	2.42859796E-1
-1.17619867E-2	2.40859360E-1
-1.16756884E-2	2.39829242E-1
-1.16555560E-2	2.37702861E-1
-1.15505448E-2	2.34578028E-1
-1.14510879E-2	2.33676359E-1
-1.13751320E-2	2.30690554E-1
-1.12369508E-2	2.27666706E-1
-1.11216353E-2	2.25744322E-1
-1.10690026E-2	2.23820433E-1
-1.09898495E-2	2.21948773E-1
-1.09280497E-2	2.20947027E-1
-1.09081473E-2	2.19460696E-1
-1.08492905E-2	2.18153045E-1
-1.08045479E-2	2.17602625E-1
-1.07664922E-2	2.16186449E-1
-1.06877461E-2	2.14774728E-1
-1.06276385E-2	2.13322476E-1
-1.05637684E-2	2.11241215E-1
-1.04797464E-2	2.08857983E-1
-1.03670480E-2	2.07003072E-1
-1.02857593E-2	2.03868032E-1
-1.01700649E-2	2.01173112E-1
-1.00880098E-2	1.99894622E-1
-1.00163883E-2	1.97465107E-1
-9.92393121E-3	1.95098177E-1
-9.79635771E-3	1.92961246E-1
-9.68806632E-3	1.88644990E-1
-9.51378047E-3	1.84556097E-1
-9.41307284E-3	1.82236165E-1
-9.25572030E-3	1.78907990E-1
-9.14936233E-3	1.77248225E-1
-9.08171572E-3	1.75674111E-1
-8.91624764E-3	1.71580955E-1
-8.80118459E-3	1.67772815E-1
-8.62844381E-3	1.65257871E-1
-8.51062685E-3	1.63092017E-1
-8.49182624E-3	1.62860245E-1
-8.47500563E-3	1.62636235E-1
-8.43969546E-3	1.61440372E-1
-8.36936850E-3	1.59727678E-1
-8.26021191E-3	1.58164486E-1
-8.17287154E-3	1.56213179E-1
-8.11514817E-3	1.54277563E-1
-8.05344153E-3	1.53135553E-1
-7.96618126E-3	1.50968045E-1
-7.89046660E-3	1.48516953E-1
-7.75644509E-3	1.46885037E-1
-7.63846282E-3	1.44380659E-1
-7.55381165E-3	1.40839174E-1
-7.41416821E-3	1.39738634E-1
-7.29267020E-3	1.37055010E-1
-7.21497880E-3	1.34763718E-1
-7.09988875E-3	1.33200079E-1
-7.02332472E-3	1.31241590E-1
-6.95419265E-3	1.28112435E-1
-6.85171224E-3	1.27553791E-1
-6.78367075E-3	1.25855207E-1
-6.71498477E-3	1.24041945E-1
-6.64565573E-3	1.23108476E-1
-6.54463051E-3	1.20597094E-1
-6.47157151E-3	1.18179128E-1
-6.35481905E-3	1.16469219E-1
-6.24961779E-3	1.14180446E-1
-6.20463677E-3	1.12765573E-1
-6.14848128E-3	1.12071812E-1
-6.08789595E-3	1.10617422E-1
-6.04728749E-3	1.07998855E-1
-5.93886245E-3	1.07113533E-1
-5.85094607E-3	1.05018787E-1
-5.79849072E-3	9.84540880E-2
-5.69870695E-3	9.83736590E-2
-5.61602227E-3	9.73081365E-2
-5.54175349E-3	9.62934569E-2
-5.44871576E-3	9.41262096E-2
-5.30622248E-3	9.13851261E-2
-5.28229773E-3	8.97781551E-2
-5.17216930E-3	8.67106244E-2
-5.07190078E-3	8.36043358E-2
-4.99804504E-3	8.14633146E-2
-4.89473296E-3	7.97291473E-2
-4.81104944E-3	7.75828958E-2
-4.79666935E-3	7.73157403E-2
-4.73746704E-3	7.51788244E-2
-4.68120817E-3	7.41105899E-2
-4.64289030E-3	7.30152354E-2
-4.59864968E-3	7.19250068E-2
-4.59155720E-3	7.17397854E-2
-4.58876975E-3	7.16693699E-2
-4.54439269E-3	7.02673197E-2
-4.49035689E-3	6.87027946E-2
-4.45240876E-3	6.76222295E-2
-4.40495182E-3	6.63941652E-2
-4.39504907E-3	6.62111789E-2
-4.39400040E-3	6.61377907E-2
-4.36722953E-3	6.50435910E-2
-4.30063857E-3	6.34980723E-2
-4.28176206E-3	6.23948723E-2
-4.22890950E-3	6.13022707E-2
-4.20570653E-3	6.06831275E-2
-4.19632997E-3	5.98630384E-2
-4.15013358E-3	5.84926717E-2
-4.07920359E-3	5.74866794E-2
-4.06020693E-3	5.59674539E-2
-4.01953002E-3	5.53891286E-2
-4.00734833E-3	5.52248619E-2
-4.00385493E-3	5.51423803E-2
-3.99771612E-3	5.46359122E-2
-3.93722951E-3	5.33072539E-2
-3.91985755E-3	5.23458607E-2
-3.86512163E-3	5.07357977E-2
-3.81847471E-3	4.97799031E-2
-3.81548866E-3	4.95603867E-2
-3.78034706E-3	4.79570292E-2
-3.72226886E-3	4.69317026E-2
-3.68404528E-3	4.59056161E-2
-3.62665043E-3	4.42916192E-2
-3.61433951E-3	4.42007333E-2
-3.61351576E-3	4.41688634E-2
-3.61223076E-3	4.41442057E-2
-3.61167849E-3	4.41180393E-2
-3.61150224E-3	4.41047847E-2
-3.61135113E-3	4.40738238E-2
-3.58470040E-3	4.33902442E-2
-3.57282301E-3	4.26946580E-2
-3.52073763E-3	4.13032435E-2
-3.46429716E-3	3.97278741E-2
-3.41806677E-3	3.83771658E-2
-3.34267342E-3	3.65524925E-2
-3.28076794E-3	3.50028202E-2
-3.24105308E-3	3.42306979E-2
-3.22298473E-3	3.40745188E-2
-3.22036771E-3	3.40252258E-2
-3.22004198E-3	3.40114310E-2
-3.21932603E-3	3.39991190E-2
-3.21894325E-3	3.39996554E-2
-3.21877934E-3	3.35457250E-2
-3.16960481E-3	3.27294134E-2
-3.11341183E-3	3.13985385E-2
-3.07483086E-3	2.93904506E-2
-2.98017822E-3	2.80957147E-2
-2.89072632E-3	2.65186634E-2
-2.81505520E-3	2.31236666E-2
-2.71523581E-3	2.25440357E-2
-2.65314942E-3	2.10036095E-2
-2.64021545E-3	2.04528272E-2
-2.59173522E-3	1.96744427E-2
-2.53216457E-3	1.86740849E-2
-2.46268301E-3	1.57605372E-2
-2.35299557E-3	1.50968451E-2
-2.23769993E-3	1.29532237E-2
-2.15774775E-3	1.08663430E-2
-2.03553890E-3	8.82820971E-3
-1.91787409E-3	6.81990292E-3
-1.83980598E-3	5.65627078E-3
-1.74667442E-3	4.48457990E-3
-1.64716830E-3	3.22154048E-3
-1.59599830E-3	2.38847570E-3
-1.53387117E-3	1.85809052E-3
-1.47209293E-3	1.27294124E-3
-1.43161986E-3	2.53778533E-4
-1.37113279E-3	-3.95546813E-4
-1.27801078E-3	-1.69144396E-3
-1.21210620E-3	-2.51133274E-3
-1.12340332E-3	-2.89672241E-3
-1.01551798E-3	-4.00794810E-3
-9.70578403E-4	-4.67809383E-3
-8.86456342E-4	-5.35177346E-3
-8.19025387E-4	-6.17196271E-3
-7.78723625E-4	-7.05628097E-3
-7.03126658E-4	-7.41043640E-3
-6.33916643E-4	-8.39388557E-3
-5.91191929E-4	-9.38378647E-3
-4.86603531E-4	-9.73983016E-3
-4.10597248E-4	-1.07195061E-2
-3.69761256E-4	-1.10945106E-2
-3.26531153E-4	-1.14606032E-2
-2.72266538E-4	-1.19205704E-2
-2.30545833E-4	-1.31517854E-2
-1.28782398E-4	-1.34963738E-2
-4.07619191E-5	-1.43565405E-2
-8.42273676E-6	-1.47662880E-2
1.89953262E-5	-1.48212044E-2
1.88308186E-5	-1.48215871E-2
1.88523009E-5	-1.48236211E-2
1.90049359E-5	-1.48260742E-2
1.90038063E-5	-1.48303304E-2
1.90122846E-5	-1.48361558E-2
1.90484661E-5	-1.48383481E-2
1.90298106E-5	-1.48426630E-2
1.92248463E-5	-1.48445200E-2
1.91507879E-5	-1.48434071E-2
1.91858380E-5	-1.48411142E-2
1.91965792E-5	-1.48411896E-2
1.91756626E-5	-1.48422858E-2
1.90778628E-5	-1.48427682E-2
1.90456394E-5	-1.48425316E-2
1.90004193E-5	-1.48421079E-2
1.89879847E-5	-1.48422243E-2
1.91457129E-5	-1.48429219E-2
1.92491680E-5	-1.48427850E-2
1.93062660E-5	-1.48422923E-2
1.94018048E-5	-1.48416357E-2
1.93175729E-5	-1.48423770E-2
1.94046315E-5	-1.48437563E-2
1.93656233E-5	-1.48442239E-2
1.94577715E-5	-1.48465717E-2
1.94362892E-5	-1.48467459E-2
1.93090927E-5	-1.48489177E-2
1.94148070E-5	-1.48497513E-2
1.92056395E-5	-1.48506528E-2
1.92525604E-5	-1.48514966E-2
1.91411928E-5	-1.48510952E-2
1.94792538E-5	-1.48539245E-2
1.93107880E-5	-1.48575269E-2
1.94165023E-5	-1.48585411E-2
1.92972202E-5	-1.48580493E-2
1.92395582E-5	-1.48570230E-2
1.94792538E-5	-1.48587953E-2
1.96058845E-5	-1.48601523E-2
1.96516758E-5	-1.48606719E-2
1.95860994E-5	-1.48613267E-2
1.94453351E-5	-1.48577010E-2
1.94238528E-5	-1.48553420E-2
1.93571450E-5	-1.48538593E-2
1.94442036E-5	-1.48526747E-2
1.95346547E-5	-1.48525666E-2
1.97901791E-5	-1.48531888E-2
1.99066344E-5	-1.48531580E-2
1.99326405E-5	-1.48550067E-2
2.00581399E-5	-1.48549480E-2
2.00298746E-5	-1.48560656E-2
2.01435032E-5	-1.48551567E-2
2.01463299E-5	-1.48544721E-2
2.01446346E-5	-1.48554025E-2
2.01027997E-5	-1.48558225E-2
1.99428159E-5	-1.48574188E-2
1.99145488E-5	-1.48582850E-2
1.99021124E-5	-1.48596764E-2
1.98195758E-5	-1.48607232E-2
1.99953902E-5	-1.48620280E-2
2.01474613E-5	-1.48642175E-2
2.00072609E-5	-1.48634557E-2
1.99597744E-5	-1.48629416E-2
1.99077658E-5	-1.48624852E-2
1.98467114E-5	-1.48622273E-2
1.99343358E-5	-1.48620699E-2
2.01242819E-5	-1.48630980E-2
1.99795613E-5	-1.48617420E-2
1.99258557E-5	-1.48614803E-2
2.00739687E-5	-1.48612419E-2
2.01208913E-5	-1.48596372E-2
2.02350857E-5	-1.48605155E-2
2.01553758E-5	-1.48614505E-2
2.01452003E-5	-1.48613798E-2
2.01344592E-5	-1.48590328E-2
2.02299980E-5	-1.48578556E-2
2.02740921E-5	-1.48572745E-2
2.01706389E-5	-1.48557564E-2
2.02548708E-5	-1.48601504E-2
2.01627245E-5	-1.48614962E-2
2.02650481E-5	-1.48607837E-2
2.02232131E-5	-1.48615437E-2
2.01723378E-5	-1.48596335E-2
2.01859111E-5	-1.48590291E-2
2.00101022E-5	-1.48596698E-2
2.00168906E-5	-1.48602230E-2
1.99106107E-5	-1.48613136E-2
2.00072791E-5	-1.48588605E-2
1.99750557E-5	-1.48587935E-2
1.99750557E-5	-1.48579245E-2
1.99258739E-5	-1.48613248E-2
2.00327195E-5	-1.48633532E-2
2.01367384E-5	-1.48640051E-2
2.01983585E-5	-1.48618240E-2
2.01633084E-5	-1.48602091E-2
2.01322146E-5	-1.48589546E-2
2.01627427E-5	-1.48589732E-2
2.02034462E-5	-1.48597918E-2
2.02514984E-5	-1.48601234E-2
2.00937739E-5	-1.48605593E-2
1.99841015E-5	-1.48615083E-2
1.98817779E-5	-1.48642594E-2
1.98976068E-5	-1.48657514E-2
1.99298302E-5	-1.48647791E-2
2.00790746E-5	-1.48627879E-2
2.00802060E-5	-1.48621835E-2
2.00982959E-5	-1.48623288E-2
2.00858594E-5	-1.48631735E-2
2.00875547E-5	-1.48645993E-2
1.99564001E-5	-1.48647958E-2
4.19716598E-5	-1.51392119E-2
8.05762393E-5	-1.54609652E-2
1.08621200E-4	-1.57031771E-2
1.65178077E-4	-1.62628386E-2
2.32917562E-4	-1.70319006E-2
3.05952854E-4	-1.76504329E-2
4.15849208E-4	-1.82532892E-2
4.98998037E-4	-1.89039204E-2
5.31106954E-4	-1.91080533E-2
5.37382613E-4	-1.91303939E-2
5.39433560E-4	-1.91438776E-2
5.41502086E-4	-1.91699024E-2
5.65254537E-4	-1.94580089E-2
6.19703264E-4	-1.97283644E-2
6.57375611E-4	-2.01377608E-2
7.11289002E-4	-2.05076076E-2
7.39257608E-4	-2.06687618E-2
7.75446009E-4	-2.10762750E-2
8.32286605E-4	-2.14813426E-2
8.88983603E-4	-2.17448212E-2
9.17797966E-4	-2.18675397E-2
9.24288994E-4	-2.18782295E-2
9.45748470E-4	-2.20829900E-2
9.82423080E-4	-2.23843157E-2
1.04729680E-3	-2.28179246E-2
1.15329993E-3	-2.31316611E-2
1.21001224E-3	-2.31872275E-2
1.27176824E-3	-2.32424028E-2
1.32614293E-3	-2.29905676E-2
1.36510539E-3	-2.27569956E-2
1.42350059E-3	-2.24922560E-2
1.48033444E-3	-2.20276769E-2
1.52401219E-3	-2.10808814E-2
1.58267980E-3	-1.99325904E-2
1.64083485E-3	-1.87043808E-2
1.72827963E-3	-1.73011925E-2
1.76830706E-3	-1.51810637E-2
1.82713137E-3	-1.37922354E-2
1.86805823E-3	-1.14896903E-2
1.93866482E-3	-8.92900582E-3
1.99682941E-3	-7.39527028E-3
2.03583180E-3	-5.14729414E-3
2.07841001E-3	-3.89021658E-3
2.08246661E-3	-3.12907016E-3
2.08385685E-3	-2.88176327E-3
2.08489527E-3	-2.64040125E-3
2.08523334E-3	-2.24297773E-3
2.08550692E-3	-2.08870973E-3
2.08570319E-3	-1.96061167E-3
2.08565453E-3	-1.75689289E-3
2.08567595E-3	-1.66651886E-3
2.08572182E-3	-1.52562675E-3
2.08800239E-3	-1.43076992E-3
2.09215167E-3	-1.27883535E-3
2.10530055E-3	-8.27197626E-4
2.15633423E-3	1.65499383E-4
2.19163601E-3	8.73884652E-4
2.24091555E-3	1.58337469E-3
2.27404223E-3	2.38158135E-3
2.27907184E-3	2.71378970E-3
2.29454110E-3	3.40755307E-3
2.34883162E-3	4.51315381E-3
2.38678558E-3	5.26604243E-3
2.44592526E-3	6.19239826E-3
2.52766302E-3	7.68950535E-3
2.56735878E-3	8.82657338E-3
2.62598577E-3	9.92056169E-3
2.66200211E-3	1.01891188E-2
2.66493065E-3	1.03712715E-2
2.66664056E-3	1.04598105E-2
2.67643714E-3	1.08275162E-2
2.71133869E-3	1.15648368E-2
2.76721618E-3	1.20878387E-2
2.82492791E-3	1.29195610E-2
2.86433077E-3	1.35526443E-2
2.91661429E-3	1.41320974E-2
2.97848741E-3	1.52931996E-2
3.04264366E-3	1.71147045E-2
3.13596660E-3	1.81985665E-2
3.19802575E-3	1.90459620E-2
3.23604676E-3	2.01410241E-2
3.26320366E-3	2.03636531E-2
3.33879190E-3	2.15673018E-2
3.37763969E-3	2.21617967E-2
3.41467373E-3	2.27173977E-2
3.44547001E-3	2.31347475E-2
3.47350072E-3	2.39096154E-2
3.51157389E-3	2.45531648E-2
3.58848670E-3	2.55506504E-2
3.60819558E-3	2.66787969E-2
3.68369347E-3	2.73872353E-2
3.74221592E-3	2.84388382E-2
3.80768208E-3	3.01594622E-2
3.86660080E-3	3.09970360E-2
3.94636439E-3	3.21442522E-2
3.98546085E-3	3.32208313E-2
4.02576989E-3	3.37039940E-2
4.06129472E-3	3.47232483E-2
4.07993840E-3	3.55081744E-2
4.13771626E-3	3.67249139E-2
4.22311667E-3	3.81836891E-2
4.24845656E-3	3.94389592E-2
4.30902094E-3	3.98460515E-2
4.41330811E-3	4.16415632E-2
4.47617797E-3	4.40533310E-2
4.51782066E-3	4.45157737E-2
4.59486572E-3	4.61121313E-2
4.60884580E-3	4.62829955E-2
4.61535342E-3	4.65277284E-2
4.63309092E-3	4.70106639E-2
4.67814133E-3	4.85831872E-2
4.71422868E-3	4.90021557E-2
4.77881031E-3	5.04620820E-2
4.78984881E-3	5.07761389E-2
4.80355183E-3	5.09082116E-2
4.80834581E-3	5.10529056E-2
4.81896149E-3	5.23702502E-2
4.87218890E-3	5.33014089E-2
4.92861681E-3	5.46608903E-2
4.96381847E-3	5.54232858E-2
5.01525961E-3	5.60732298E-2
5.09117171E-3	5.79741746E-2
5.11050224E-3	5.94152957E-2
5.16676577E-3	6.01896904E-2
5.19642606E-3	6.09015562E-2
5.21199265E-3	6.19456433E-2
5.26865432E-3	6.30072132E-2
5.34553174E-3	6.46291748E-2
5.37846191E-3	6.58701733E-2
5.38452249E-3	6.59250990E-2
5.38717955E-3	6.59749433E-2
5.39275911E-3	6.63930550E-2
5.42004732E-3	6.73032030E-2
5.49440831E-3	6.88011274E-2
5.53257158E-3	7.02568963E-2
5.56587009E-3	7.09292591E-2
5.57984971E-3	7.10552633E-2
5.58094867E-3	7.11128414E-2
5.58437593E-3	7.12100416E-2
5.61030442E-3	7.22654834E-2
5.62833669E-3	7.37107098E-2
5.68500487E-3	7.46937096E-2
5.73981088E-3	7.56346583E-2
5.77200484E-3	7.71694854E-2
5.82722435E-3	7.77018890E-2
5.88464178E-3	7.99402893E-2
5.92629239E-3	8.23851973E-2
6.02019345E-3	8.36110041E-2
6.09973911E-3	8.51626396E-2
6.13922952E-3	8.64767060E-2
6.16516219E-3	8.67493227E-2
6.17778208E-3	8.71958658E-2
6.19956478E-3	8.88595209E-2
6.25525322E-3	8.97860900E-2
6.32496597E-3	9.06355008E-2
6.34850143E-3	9.24418271E-2
6.42222026E-3	9.34358463E-2
6.54833857E-3	9.69913378E-2
6.58792024E-3	9.93923694E-2
6.72715390E-3	1.01398759E-1
6.84881071E-3	1.04277879E-1
6.90571219E-3	1.06052265E-1
6.95821270E-3	1.06495515E-1
6.97046053E-3	1.06818795E-1
6.97574951E-3	1.07074477E-1
6.98564062E-3	1.07363112E-1
7.02298479E-3	1.08404122E-1
7.05386046E-3	1.09468669E-1
7.13356398E-3	1.09984808E-1
7.16981431E-3	1.11517623E-1
7.20618619E-3	1.12801753E-1
7.26398686E-3	1.13654368E-1
7.29901856E-3	1.14607178E-1
7.33223883E-3	1.15946174E-1
7.39123765E-3	1.16800331E-1
7.45945284E-3	1.17229953E-1
7.53093418E-3	1.23434655E-1
7.61714065E-3	1.23481348E-1
7.67733762E-3	1.23525314E-1
7.70618906E-3	1.23607114E-1
7.71327130E-3	1.23689458E-1
7.72931706E-3	1.23991713E-1
7.76100997E-3	1.25052869E-1
7.81676453E-3	1.26243472E-1
7.87449442E-3	1.27045169E-1
7.90443551E-3	1.28289670E-1
7.96076562E-3	1.29535526E-1
8.01862869E-3	1.30350426E-1
8.05699453E-3	1.31565765E-1
8.10008030E-3	1.31904826E-1
8.13257601E-3	1.32455900E-1
8.16848781E-3	1.33607611E-1
8.22462421E-3	1.34803608E-1
8.28168914E-3	1.35637954E-1
8.30874685E-3	1.36787161E-1
8.36656336E-3	1.37957543E-1
8.42405949E-3	1.38735384E-1
8.47489107E-3	1.40465960E-1
8.55531357E-3	1.41728401E-1
8.61455780E-3	1.42972738E-1
8.65367800E-3	1.44236758E-1
8.73170234E-3	1.45407319E-1
8.77005234E-3	1.45796567E-1
8.80816299E-3	1.46956027E-1
8.86926148E-3	1.47881389E-1
8.90668575E-3	1.48434013E-1
8.94422084E-3	1.49629906E-1
9.00420360E-3	1.50897846E-1
9.05824453E-3	1.51618823E-1
9.07780137E-3	1.52548268E-1
9.12749395E-3	1.53718039E-1
9.19368863E-3	1.54672384E-1
9.26154200E-3	1.56842828E-1
9.36728064E-3	1.58859938E-1
9.47802328E-3	1.60464361E-1
9.55671445E-3	1.63171753E-1
9.67261940E-3	1.65732592E-1
9.79390088E-3	1.67529553E-1
9.90536157E-3	1.69989273E-1
9.95363761E-3	1.71385154E-1
1.00165214E-2	1.72210693E-1
1.00206556E-2	1.72523201E-1
1.00255236E-2	1.72760785E-1
1.00588147E-2	1.73817277E-1
1.00954473E-2	1.75185651E-1
1.01518473E-2	1.76506177E-1
1.01999082E-2	1.77095443E-1
1.02120852E-2	1.77222997E-1
1.02209523E-2	1.77824497E-1
1.02660032E-2	1.78611174E-1
1.03085637E-2	1.80972055E-1
1.04181962E-2	1.83432996E-1
1.05144903E-2	1.84657052E-1
1.05623640E-2	1.85804695E-1
1.06191756E-2	1.87021717E-1
1.06740873E-2	1.87452167E-1
1.07354755E-2	1.89689577E-1
1.08381696E-2	1.92024082E-1
1.09227132E-2	1.93858683E-1
1.09630199E-2	1.94751292E-1
1.09810960E-2	1.94867939E-1
1.09833758E-2	1.94894463E-1
1.09857712E-2	1.95544779E-1
1.10355532E-2	1.96918234E-1
1.11079346E-2	1.99038267E-1
1.11808330E-2	2.01710358E-1
1.12827867E-2	2.03963831E-1
1.13914767E-2	2.05819845E-1
1.14517296E-2	2.08493635E-1
1.15616936E-2	2.10297644E-1
1.16742747E-2	2.12994426E-1
1.17510026E-2	2.14868620E-1
1.18853906E-2	2.18616903E-1
1.20009873E-2	2.20468104E-1
1.20633570E-2	2.22196892E-1
1.21247256E-2	2.23018691E-1
1.21348733E-2	2.23095968E-1
1.21369651E-2	2.23174706E-1
1.21402042E-2	2.23861992E-1
1.21758096E-2	2.24155456E-1
1.21781901E-2	2.24305555E-1
1.21797845E-2	2.24392638E-1
1.21504981E-2	2.24228144E-1
1.21452501E-2	2.23678589E-1
1.21441828E-2	2.23663434E-1
1.21439211E-2	2.23662019E-1
1.21286828E-2	2.22978279E-1
1.20734200E-2	2.21415669E-1
1.20498203E-2	2.21307665E-1
1.20614497E-2	2.22064838E-1
1.22057600E-2	2.25287452E-1
1.24159232E-2	2.29982674E-1
1.25351725E-2	2.33990550E-1
1.27120763E-2	2.38023281E-1
1.28881689E-2	2.40789995E-1
1.29466904E-2	2.43982449E-1
1.31590208E-2	2.49261871E-1
1.33654317E-2	2.54176199E-1
1.34850657E-2	2.57857084E-1
1.36162266E-2	2.58985013E-1
1.36795705E-2	2.59933740E-1
1.37082161E-2	2.61069357E-1
1.37676680E-2	2.62363225E-1
1.38526047E-2	2.63744116E-1
1.39378980E-2	2.66897738E-1
1.40690319E-2	2.69385129E-1
1.41853085E-2	2.71040082E-1
1.42463138E-2	2.73503691E-1
1.43375210E-2	2.75415301E-1
1.44599769E-2	2.77297795E-1
1.45691345E-2	2.80918896E-1
1.47463102E-2	2.84318596E-1
1.49155660E-2	2.86425233E-1
1.50178317E-2	2.89463907E-1
1.51771307E-2	2.92404801E-1
1.52670201E-2	2.94187218E-1
1.54166697E-2	2.96912223E-1
1.55059369E-2	2.99224287E-1
1.56379174E-2	3.00752848E-1
1.57774445E-2	3.03471953E-1
1.59305818E-2	3.06738794E-1
1.60425827E-2	3.08914751E-1
1.62280779E-2	3.12593549E-1
1.63708255E-2	3.16215813E-1
1.65617783E-2	3.18169355E-1
1.67137068E-2	3.21480185E-1
1.67961847E-2	3.22685719E-1
1.68678891E-2	3.23366344E-1
1.69265550E-2	3.24298114E-1
1.69635527E-2	3.24933499E-1
1.70281492E-2	3.26139718E-1
1.71376690E-2	3.28087687E-1
1.72338672E-2	3.30378443E-1
1.73993297E-2	3.32041651E-1
1.75719950E-2	3.34783852E-1
1.76873337E-2	3.36873680E-1
1.78202763E-2	3.37858677E-1
1.78875532E-2	3.38604957E-1
1.79055128E-2	3.38736504E-1
1.79169830E-2	3.39004904E-1
1.79690756E-2	3.39776933E-1
1.80389527E-2	3.40970516E-1
1.81113351E-2	3.41988921E-1
1.82032082E-2	3.43408048E-1
1.83119271E-2	3.45208526E-1
1.84084401E-2	3.46316576E-1
1.85520127E-2	3.48506868E-1
1.87173784E-2	3.50343108E-1
1.88197084E-2	3.51557106E-1
1.89401284E-2	3.52867335E-1
1.90136321E-2	3.53673548E-1
1.90631095E-2	3.54063392E-1
1.90732311E-2	3.54551852E-1
1.91272516E-2	3.55219811E-1
1.91654693E-2	3.55672985E-1
1.92482602E-2	3.56495410E-1
1.93557590E-2	3.57984751E-1
1.94683839E-2	3.58418077E-1
1.95435695E-2	3.59989733E-1
1.96166672E-2	3.60706836E-1
1.96485147E-2	3.60862285E-1
1.96634270E-2	3.61408949E-1
1.97196715E-2	3.61999214E-1
1.97753981E-2	3.62197280E-1
1.98124200E-2	3.62929404E-1
1.98694821E-2	3.63481522E-1
1.99649725E-2	3.63836437E-1
2.00727116E-2	3.66297930E-1
2.02113297E-2	3.67717147E-1
2.04083957E-2	3.68947655E-1
2.05694474E-2	3.70584965E-1
2.06803177E-2	3.71449709E-1
2.07746867E-2	3.72040123E-1
2.08471734E-2	3.73101473E-1
2.09214482E-2	3.73714119E-1
2.09689364E-2	3.74187708E-1
2.10470837E-2	3.74892354E-1
2.11415663E-2	3.75884175E-1
2.12445371E-2	3.76826972E-1
2.14217044E-2	3.78388941E-1
2.15933137E-2	3.79737109E-1
2.16736477E-2	3.80378395E-1
2.17435136E-2	3.80899251E-1
2.17697900E-2	3.81440669E-1
2.18287744E-2	3.81766170E-1
2.18862724E-2	3.82090241E-1
2.19460502E-2	3.82714659E-1
2.19842792E-2	3.83023351E-1
2.20456794E-2	3.83758545E-1
2.21544709E-2	3.84350628E-1
2.22790614E-2	3.85317594E-1
2.23559458E-2	3.86201322E-1
2.24415716E-2	3.86750191E-1
2.25946382E-2	3.87581617E-1
2.26583742E-2	3.88417244E-1
2.27707718E-2	3.88957590E-1
2.28176750E-2	3.89461100E-1
2.28772387E-2	3.89805883E-1
2.29037981E-2	3.89869839E-1
2.29259171E-2	3.90028208E-1
2.29616836E-2	3.90410721E-1
2.30439268E-2	3.91091257E-1
2.31693387E-2	3.91699225E-1
2.32612304E-2	3.92337382E-1
2.33443063E-2	3.92890632E-1
2.33564824E-2	3.93011123E-1
2.33331993E-2	3.92627448E-1
2.32166406E-2	3.92265230E-1
2.31990851E-2	3.91944617E-1
2.31483243E-2	3.91700178E-1
2.31199302E-2	3.91676456E-1
2.31170841E-2	3.91669601E-1
2.31162552E-2	3.91663253E-1
2.31156573E-2	3.91664803E-1
2.31210981E-2	3.91697615E-1
2.31790021E-2	3.92148137E-1
2.32630819E-2	3.93053532E-1
2.34470349E-2	3.94305944E-1
2.36834884E-2	3.95842642E-1
2.39596032E-2	3.97405356E-1
2.41414681E-2	3.98508698E-1
2.44357269E-2	3.99804682E-1
2.46675052E-2	4.01689172E-1
2.49742568E-2	4.03223336E-1
2.52337232E-2	4.04671758E-1
2.53974088E-2	4.05733645E-1
2.56516412E-2	4.06350404E-1
2.57665720E-2	4.07340139E-1
2.59284023E-2	4.08013970E-1
2.59962045E-2	4.08291727E-1
2.60860492E-2	4.08935934E-1
2.62312181E-2	4.09687877E-1
2.64214426E-2	4.10336614E-1
2.65662279E-2	4.11401421E-1
2.67156418E-2	4.12315547E-1
2.69174278E-2	4.12836790E-1
2.70683654E-2	4.13558066E-1
2.72288788E-2	4.14157063E-1
2.73303650E-2	4.14591491E-1
2.74823159E-2	4.15341169E-1
2.76130512E-2	4.16157275E-1
2.78365947E-2	4.16458428E-1
2.80715916E-2	4.17646348E-1
2.82837171E-2	4.18395579E-1
2.83927582E-2	4.18809354E-1
2.85454672E-2	4.19369012E-1
2.86411028E-2	4.19936776E-1
2.87779961E-2	4.20085996E-1
2.88717747E-2	4.20462519E-1
2.89547537E-2	4.20756698E-1
2.89948601E-2	4.20981497E-1
2.90696286E-2	4.21388090E-1
2.92073693E-2	4.21932846E-1
2.93046497E-2	4.22312737E-1
2.94929333E-2	4.23143446E-1
2.97213681E-2	4.23926562E-1
2.98678856E-2	4.24440712E-1
3.00639924E-2	4.25008446E-1
3.01885251E-2	4.25275326E-1
3.02719977E-2	4.25470740E-1
3.03127393E-2	4.25682306E-1
3.04019302E-2	4.26000625E-1
3.05199865E-2	4.26233083E-1
3.05981915E-2	4.26837593E-1
3.07757594E-2	4.27202165E-1
3.09440885E-2	4.27547425E-1
3.10416985E-2	4.28105444E-1
3.11178472E-2	4.28240895E-1
3.11665479E-2	4.28314477E-1
3.12098935E-2	4.28538889E-1
3.12722623E-2	4.28762555E-1
3.13415751E-2	4.28968608E-1
3.14441808E-2	4.29137290E-1
3.15015092E-2	4.29399222E-1
3.16216722E-2	4.29641873E-1
3.17491740E-2	4.30057615E-1
3.19119543E-2	4.30510998E-1
3.19978744E-2	4.30760890E-1
3.21280770E-2	4.31173414E-1
3.22113149E-2	4.31347489E-1
3.22661027E-2	4.31435257E-1
3.23509388E-2	4.31661755E-1
3.23936194E-2	4.31901455E-1
3.24697196E-2	4.32063967E-1
3.25457901E-2	4.32176948E-1
3.26013751E-2	4.32423294E-1
3.27034332E-2	4.32598889E-1
3.28253806E-2	4.32934284E-1
3.28982994E-2	4.33260590E-1
3.29769813E-2	4.33392912E-1
3.30533162E-2	4.33582127E-1
3.31107713E-2	4.33724910E-1
3.31477262E-2	4.33819622E-1
3.32153961E-2	4.33997393E-1
3.32565606E-2	4.34143245E-1
3.33298892E-2	4.34298843E-1
3.34363766E-2	4.34522748E-1
3.35411429E-2	4.34687078E-1
3.36299315E-2	4.35007364E-1
3.37584689E-2	4.35289294E-1
3.39005701E-2	4.35618848E-1
3.40146981E-2	4.35790896E-1
3.40583995E-2	4.35960680E-1
3.41530629E-2	4.36202973E-1
3.42638902E-2	4.36369509E-1
3.43373530E-2	4.36618984E-1
3.44104730E-2	4.36814994E-1
3.44857387E-2	4.36906248E-1
3.45302150E-2	4.37074602E-1
3.45927626E-2	4.37319905E-1
3.47265974E-2	4.37577069E-1
3.49446796E-2	4.38057244E-1
3.51494029E-2	4.38314617E-1
3.52572612E-2	4.38645542E-1
3.53747979E-2	4.38860297E-1
3.54477204E-2	4.38981861E-1
3.54981087E-2	4.39115047E-1
3.56076062E-2	4.39374745E-1
3.56983915E-2	4.39640313E-1
3.58448178E-2	4.39735919E-1
3.59818600E-2	4.40025568E-1
3.60631533E-2	4.40266609E-1
3.61253656E-2	4.40291435E-1
3.61052714E-2	4.40202087E-1
3.60555612E-2	4.40015584E-1
3.59327234E-2	4.39862758E-1
3.58106792E-2	4.39707994E-1
3.57412398E-2	4.39541876E-1
3.56695205E-2	4.39443886E-1
3.56318690E-2	4.39403862E-1
3.56183015E-2	4.39402550E-1
3.56033258E-2	4.39374089E-1
3.56007144E-2	4.39407617E-1
3.56476866E-2	4.39578563E-1
3.57934758E-2	4.39853638E-1
3.59758325E-2	4.40101922E-1
3.61166447E-2	4.40596223E-1
3.63280103E-2	4.40800309E-1
3.64853553E-2	4.41125065E-1
3.66765894E-2	4.41447586E-1
3.68195586E-2	4.41609293E-1
3.69050279E-2	4.41877007E-1
3.70742977E-2	4.42121595E-1
3.72241214E-2	4.42392498E-1
3.73085216E-2	4.42690581E-1
3.74947339E-2	4.42901760E-1
3.76597606E-2	4.43152666E-1
3.77531350E-2	4.43396598E-1
3.79194170E-2	4.43580210E-1
3.80925462E-2	4.43759084E-1
3.81735787E-2	4.44045961E-1
3.83347310E-2	4.44247425E-1
3.85223962E-2	4.44447935E-1
3.86469997E-2	4.44788665E-1
3.89004797E-2	4.45169389E-1
3.91555578E-2	4.45569575E-1
3.93885970E-2	4.45880532E-1
3.96261364E-2	4.46117073E-1
3.97590138E-2	4.46430475E-1
3.99328358E-2	4.46646422E-1
4.00977470E-2	4.46805328E-1
4.01741900E-2	4.46980387E-1
4.02425528E-2	4.47080344E-1
4.03299779E-2	4.47187275E-1
4.04189378E-2	4.47323084E-1
4.04908247E-2	4.47514325E-1
4.06371392E-2	4.47638184E-1
4.07670811E-2	4.47762132E-1
4.08424549E-2	4.47907537E-1
4.09546494E-2	4.47981566E-1
4.11440507E-2	4.48204458E-1
4.12249304E-2	4.48443621E-1
4.15114760E-2	4.48585898E-1
4.17110994E-2	4.48795706E-1
4.17705402E-2	4.48874742E-1
4.18160520E-2	4.48932707E-1
4.19411510E-2	4.49080646E-1
4.20465581E-2	4.49251115E-1
4.22939695E-2	4.49362636E-1
4.23998386E-2	4.49510276E-1
4.24698144E-2	4.49564904E-1
4.25312407E-2	4.49589819E-1
4.25569154E-2	4.49649125E-1
4.26508561E-2	4.49711561E-1
4.27522957E-2	4.49846119E-1
4.30024229E-2	4.49953228E-1
4.31219116E-2	4.50138867E-1
4.32988890E-2	4.50231671E-1
4.34132740E-2	4.50297743E-1
4.34840992E-2	4.50425506E-1
4.36299853E-2	4.50497597E-1
4.37606126E-2	4.50599462E-1
4.38726321E-2	4.50714350E-1
4.40612026E-2	4.50791180E-1
4.42281514E-2	4.50910121E-1
4.42777090E-2	4.51045781E-1
4.45650294E-2	4.51140732E-1
4.46931347E-2	4.51236784E-1
4.47329767E-2	4.51319367E-1
4.48500365E-2	4.51344162E-1
4.48848940E-2	4.51395035E-1
4.49607112E-2	4.51478481E-1
4.51421291E-2	4.51541454E-1
4.52951081E-2	4.51644540E-1
4.53553647E-2	4.51706916E-1
4.54596542E-2	4.51753914E-1
4.55813967E-2	4.51812416E-1
4.56473157E-2	4.51880544E-1
4.57451865E-2	4.51943427E-1
4.57696430E-2	4.51968044E-1
4.57482003E-2	4.51961309E-1
4.57116701E-2	4.51953679E-1
4.56727669E-2	4.51943070E-1
4.56378795E-2	4.51918066E-1
4.55899499E-2	4.51908678E-1
4.56036888E-2	4.51921791E-1
4.56259362E-2	4.51943576E-1
4.56297696E-2	4.51945722E-1
4.56017703E-2	4.51936215E-1
4.55473438E-2	4.51900274E-1
4.54892218E-2	4.51874465E-1
4.54315506E-2	4.51865345E-1
4.54273894E-2	4.51865405E-1
4.54161391E-2	4.51866001E-1
4.54286076E-2	4.51875299E-1
4.54291664E-2	4.51879293E-1
4.54234034E-2	4.51874763E-1
4.53773066E-2	4.51858073E-1
4.53511588E-2	4.51845080E-1
4.53349724E-2	4.51837212E-1
4.52994108E-2	4.51832622E-1
4.52945903E-2	4.51834470E-1
4.53037545E-2	4.51840430E-1
4.53246348E-2	4.51850206E-1
4.53262217E-2	4.51868027E-1
4.53560054E-2	4.51887339E-1
4.53861803E-2	4.51900125E-1
4.53832820E-2	4.51901287E-1
4.53795716E-2	4.51891840E-1
4.53179292E-2	4.51865107E-1
4.52919118E-2	4.51854825E-1
4.52937670E-2	4.51858997E-1
4.52785157E-2	4.51849848E-1
4.52732742E-2	4.51840848E-1
4.52357307E-2	4.51829076E-1
4.52069230E-2	4.51812476E-1
4.52042893E-2	4.51809585E-1
4.51885946E-2	4.51806217E-1
4.51515131E-2	4.51790929E-1
4.51263338E-2	4.51775253E-1
4.51013558E-2	4.51766104E-1
4.50690053E-2	4.51737791E-1
4.50466424E-2	4.51716453E-1
4.50060815E-2	4.51681495E-1
4.49676588E-2	4.51662868E-1
4.49746363E-2	4.51754957E-1
4.51757051E-2	4.51810688E-1
4.52853553E-2	4.51873541E-1
4.53212038E-2	4.51866865E-1
4.52641249E-2	4.51817572E-1
4.51311469E-2	4.51762229E-1
4.50909324E-2	4.51783061E-1
4.51189019E-2	4.51807976E-1
4.52412516E-2	4.51858699E-1
4.53507155E-2	4.51948404E-1
4.54646312E-2	4.51990843E-1
4.56444621E-2	4.52073127E-1
4.57064174E-2	4.52116668E-1
4.57286611E-2	4.52125162E-1
4.56288308E-2	4.52079326E-1
4.56186458E-2	4.52098221E-1
4.56714928E-2	4.52121764E-1
4.57165018E-2	4.52204525E-1
4.59368080E-2	4.52424973E-1
4.63082194E-2	4.52554882E-1
4.64729071E-2	4.52718437E-1
4.68379185E-2	4.52781409E-1
4.67165485E-2	4.52701956E-1
4.65489179E-2	4.52580094E-1
4.64258827E-2	4.52479780E-1
4.62150909E-2	4.52418566E-1
4.62638550E-2	4.52477694E-1
4.62932661E-2	4.52496797E-1
4.62519415E-2	4.52475578E-1
4.62815315E-2	4.52503800E-1
4.63206619E-2	4.52492058E-1
4.63916957E-2	4.52641696E-1
4.70813178E-2	4.53055829E-1
4.75797504E-2	4.53436524E-1
4.82774340E-2	4.53670561E-1
4.86207306E-2	4.53767598E-1
4.86271046E-2	4.53745216E-1
4.85276058E-2	4.53699738E-1
4.83799987E-2	4.53637481E-1
4.83254641E-2	4.53628957E-1
4.82300036E-2	4.53568727E-1
4.81125303E-2	4.53494638E-1
4.79850993E-2	4.53387797E-1
4.78535928E-2	4.53389078E-1
4.78322357E-2	4.53390658E-1
4.78813872E-2	4.53430802E-1
4.79954295E-2	4.53456759E-1
4.78305556E-2	4.53393161E-1
4.78239469E-2	4.53404695E-1
4.78081666E-2	4.53364193E-1
4.78070118E-2	4.53364879E-1
4.78525944E-2	4.53402787E-1
4.79822457E-2	4.53464091E-1
4.81247082E-2	4.53545541E-1
4.82861698E-2	4.53618497E-1
4.83775325E-2	4.53676492E-1
4.84498255E-2	4.53699499E-1
4.84219678E-2	4.53743607E-1
4.84234318E-2	4.53736544E-1
4.85346839E-2	4.53835994E-1
4.88321744E-2	4.54053849E-1
4.91039008E-2	4.54110146E-1
4.93604094E-2	4.54289079E-1
4.97003086E-2	4.54454184E-1
5.00108451E-2	4.54537421E-1
5.01653440E-2	4.54620898E-1
5.05021773E-2	4.54743624E-1
5.05230278E-2	4.54745829E-1
5.05275317E-2	4.54790294E-1
5.07144518E-2	4.54892039E-1
5.08403033E-2	4.54963863E-1
5.11507839E-2	4.55084741E-1
5.12414426E-2	4.55105960E-1
5.11788875E-2	4.55067456E-1
5.09143025E-2	4.54996020E-1
5.07629141E-2	4.54952091E-1
5.05264513E-2	4.54858661E-1
5.09009883E-2	4.55016434E-1
5.11908494E-2	4.55035329E-1
5.11649027E-2	4.55066353E-1
5.13162911E-2	4.55100566E-1
5.12504950E-2	4.55137014E-1
5.15703075E-2	4.55327153E-1
5.19567616E-2	4.55571353E-1
5.22005334E-2	4.55606341E-1
5.22917286E-2	4.55623239E-1
5.21916226E-2	4.55590039E-1
5.20533957E-2	4.55521673E-1
5.19203059E-2	4.55505252E-1
5.21281548E-2	4.55583245E-1
5.22032268E-2	4.55779225E-1
5.28798699E-2	4.56001073E-1
5.36147244E-2	4.56325680E-1
5.40468022E-2	4.56616610E-1
5.46138361E-2	4.56701875E-1
5.47897853E-2	4.56780434E-1
5.48112132E-2	4.56781089E-1
5.47385588E-2	4.56755489E-1
5.45344204E-2	4.56676573E-1
5.44317402E-2	4.56398726E-1
5.37268594E-2	4.56229597E-1
5.31357378E-2	4.56085593E-1
5.27534857E-2	4.55970317E-1
5.29716015E-2	4.56176728E-1
5.35695888E-2	4.56415147E-1
5.40746599E-2	4.56591874E-1
5.43846861E-2	4.56689179E-1
5.44127226E-2	4.56697255E-1
5.43558151E-2	4.56679046E-1
5.43789640E-2	4.56692606E-1
5.44224121E-2	4.56710160E-1
5.44158220E-2	4.56731290E-1
5.43765835E-2	4.56726670E-1
5.42074181E-2	4.56684023E-1
5.40891811E-2	4.56613958E-1
5.40273450E-2	4.56598818E-1
5.40073067E-2	4.56642061E-1
5.42029105E-2	4.56718653E-1
5.43914996E-2	4.56799537E-1
5.43708540E-2	4.56817985E-1
5.44144511E-2	4.56781417E-1
5.43133616E-2	4.56754357E-1
5.42381108E-2	4.56722379E-1
5.42494580E-2	4.56727087E-1
5.42512201E-2	4.56736386E-1
5.40850908E-2	4.56674635E-1
5.39750569E-2	4.56614554E-1
5.37853055E-2	4.56540763E-1
5.35133295E-2	4.56485897E-1
5.36210090E-2	4.56591278E-1
5.38816527E-2	4.56661314E-1
5.43199033E-2	4.56845284E-1
5.46800606E-2	4.57122654E-1
5.52399680E-2	4.57248449E-1
5.55972680E-2	4.57373917E-1
5.57050854E-2	4.57362324E-1
5.54433912E-2	4.57263827E-1
5.50793372E-2	4.57135737E-1
5.48471361E-2	4.57063586E-1
5.47047518E-2	4.57009047E-1
5.45142032E-2	4.56934959E-1
5.43777756E-2	4.56844926E-1
5.41092232E-2	4.56805795E-1
5.39949872E-2	4.56733376E-1
5.38384281E-2	4.56624001E-1
5.35689853E-2	4.56557751E-1
5.31045124E-2	4.56238836E-1
5.24253398E-2	4.56063092E-1
5.20108864E-2	4.55811083E-1
5.15988097E-2	4.55807656E-1
5.17239794E-2	4.55941021E-1
5.19520491E-2	4.56048340E-1
5.22991791E-2	4.56148356E-1
5.21034077E-2	4.55919445E-1
5.13730161E-2	4.55706269E-1
5.09478115E-2	4.55414295E-1
5.04360944E-2	4.55219060E-1
5.02200499E-2	4.55162853E-1
5.02269715E-2	4.55141902E-1
5.01418412E-2	4.55141008E-1
5.01410514E-2	4.55145329E-1
5.02897277E-2	4.55253631E-1
5.04467748E-2	4.55343693E-1
5.05643785E-2	4.55363691E-1
5.04793227E-2	4.55322385E-1
5.03655933E-2	4.55274343E-1
5.02736680E-2	4.55242902E-1
5.02369441E-2	4.55258161E-1
5.03096469E-2	4.55294311E-1
5.03654629E-2	4.55305487E-1
5.03718033E-2	4.55320030E-1
5.03862500E-2	4.55293566E-1
5.02921343E-2	4.55252528E-1
5.01942746E-2	4.55242664E-1
5.01801670E-2	4.55200523E-1
5.00325449E-2	4.55136538E-1
4.99125794E-2	4.55065131E-1
4.97057661E-2	4.54947948E-1
4.95265983E-2	4.54901904E-1
4.94220220E-2	4.54808027E-1
4.92720492E-2	4.54774112E-1
4.92132865E-2	4.54770148E-1
4.92021367E-2	4.54783797E-1
4.92636040E-2	4.54804450E-1
4.91977967E-2	4.54769939E-1
4.90912646E-2	4.54698265E-1
4.90193553E-2	4.54609334E-1
4.88025211E-2	4.54576135E-1
4.87592928E-2	4.54533547E-1
4.86713983E-2	4.54489142E-1
4.85494286E-2	4.54451650E-1
4.84185405E-2	4.54368383E-1
4.82382178E-2	4.54295129E-1
4.80603315E-2	4.54239696E-1
4.79169935E-2	4.54110682E-1
4.76999022E-2	4.54036683E-1
4.74062525E-2	4.53886449E-1
4.72312979E-2	4.53752548E-1
4.69613448E-2	4.53648269E-1
4.66995984E-2	4.53554869E-1
4.66146544E-2	4.53466296E-1
4.64629866E-2	4.53416228E-1
4.64860685E-2	4.53455031E-1
4.65414934E-2	4.53471869E-1
4.65883091E-2	4.53498155E-1
4.66712639E-2	4.53525245E-1
4.64410968E-2	4.53324318E-1
4.61966321E-2	4.53190207E-1
4.58048880E-2	4.53043401E-1
4.53680083E-2	4.52852279E-1
4.52885777E-2	4.52771127E-1
4.51995991E-2	4.52696145E-1
4.50838283E-2	4.52640712E-1
4.50198799E-2	4.52598274E-1
4.48800065E-2	4.52516288E-1
4.47703265E-2	4.52448219E-1
4.46301624E-2	4.52396303E-1
4.45448086E-2	4.52318847E-1
4.44101207E-2	4.52260375E-1
4.42681387E-2	4.52172101E-1
4.42232564E-2	4.52126771E-1
4.41786200E-2	4.52109307E-1
4.41382378E-2	4.52090979E-1
4.40920889E-2	4.52034950E-1
4.39383574E-2	4.51938570E-1
4.38247733E-2	4.51871693E-1
4.36858572E-2	4.51785028E-1
4.35917377E-2	4.51728731E-1
4.34385985E-2	4.51628596E-1
4.32613008E-2	4.51489121E-1
4.30160388E-2	4.51374829E-1
4.27258350E-2	4.51165050E-1
4.25157994E-2	4.50932682E-1
4.23342288E-2	4.50775713E-1
4.21494134E-2	4.50709283E-1
4.20705117E-2	4.50657010E-1
4.20193747E-2	4.50630933E-1
4.19682302E-2	4.50591952E-1
4.19351719E-2	4.50551778E-1
4.18727845E-2	4.50522423E-1
4.18156944E-2	4.50472265E-1
4.17479575E-2	4.50384051E-1
4.16131131E-2	4.50264335E-1
4.15259488E-2	4.50182289E-1
4.13765199E-2	4.50049669E-1
4.12383005E-2	4.49916512E-1
4.11059819E-2	4.49819356E-1
4.10280526E-2	4.49674726E-1
4.08821367E-2	4.49542105E-1
4.08032537E-2	4.49440509E-1
4.06760462E-2	4.49353755E-1
4.05874737E-2	4.49206203E-1
4.04409282E-2	4.49028373E-1
4.02807295E-2	4.48904186E-1
4.01637778E-2	4.48699504E-1
3.99819501E-2	4.48482424E-1
3.97945121E-2	4.48316723E-1
3.96686494E-2	4.48054165E-1
3.94558460E-2	4.47787762E-1
3.92378643E-2	4.47587639E-1
3.89975235E-2	4.47161406E-1
3.87625843E-2	4.46947813E-1
3.86288911E-2	4.46747333E-1
3.85067947E-2	4.46421087E-1
3.83444391E-2	4.46285874E-1
3.82302739E-2	4.46101844E-1
3.80912162E-2	4.45927888E-1
3.79762836E-2	4.45810735E-1
3.79042476E-2	4.45608377E-1
3.77565138E-2	4.45408911E-1
3.76056768E-2	4.45249885E-1
3.74676883E-2	4.45102423E-1
3.73710692E-2	4.44814444E-1
3.72287743E-2	4.44601625E-1
3.71552855E-2	4.44401175E-1
3.70133109E-2	4.44235831E-1
3.68437357E-2	4.43961531E-1
3.67363840E-2	4.43693310E-1
3.65073271E-2	4.43439811E-1
3.64060886E-2	4.43322748E-1
3.63386758E-2	4.43112373E-1
3.62275280E-2	4.42798764E-1
3.60300951E-2	4.42555338E-1
3.58745493E-2	4.42109138E-1
3.54852006E-2	4.41596419E-1
3.51590849E-2	4.41002041E-1
3.49286012E-2	4.40347999E-1
3.46000530E-2	4.39733058E-1
3.44090462E-2	4.39543456E-1
3.41591313E-2	4.38894928E-1
3.39432508E-2	4.38434660E-1
3.36791351E-2	4.38068748E-1
3.35311666E-2	4.37650561E-1
3.33187319E-2	4.37158793E-1
3.30625772E-2	4.36737150E-1
3.29552107E-2	4.36362952E-1
3.28441113E-2	4.36136097E-1
3.26760449E-2	4.35944796E-1
3.25744711E-2	4.35522556E-1
3.24560292E-2	4.35343117E-1
3.23508643E-2	4.35057998E-1
3.22764963E-2	4.34827328E-1
3.21756154E-2	4.34659779E-1
3.20499688E-2	4.34444875E-1
3.19982842E-2	4.34085399E-1
3.18524018E-2	4.33851451E-1
3.17170434E-2	4.33629006E-1
3.16578373E-2	4.33140159E-1
3.14648375E-2	4.32659656E-1
3.12742591E-2	4.32356179E-1
3.11522521E-2	4.31763053E-1
3.09709925E-2	4.31365639E-1
3.07942480E-2	4.31253970E-1
3.06932814E-2	4.30746436E-1
3.06015965E-2	4.30408716E-1
3.04208789E-2	4.30278867E-1
3.03104538E-2	4.29611027E-1
3.01633738E-2	4.28936273E-1
2.98308730E-2	4.28438038E-1
2.96644475E-2	4.27903444E-1
2.94182580E-2	4.26970154E-1
2.92249769E-2	4.26763862E-1
2.91318335E-2	4.26129282E-1
2.89985053E-2	4.25883532E-1
2.88838781E-2	4.25500005E-1
2.88016852E-2	4.24992561E-1
2.86492333E-2	4.24533725E-1
2.84520518E-2	4.24172431E-1
2.83508394E-2	4.23637271E-1
2.82419957E-2	4.23077166E-1
2.80568767E-2	4.22617733E-1
2.79395357E-2	4.22035933E-1
2.77738944E-2	4.21521306E-1
2.76476797E-2	4.21067864E-1
2.75757946E-2	4.20769334E-1
2.74252724E-2	4.20172215E-1
2.72421688E-2	4.19375688E-1
2.70927157E-2	4.18459177E-1
2.67951470E-2	4.17939782E-1
2.66440753E-2	4.17326301E-1
2.65775900E-2	4.16979134E-1
2.65241452E-2	4.16818023E-1
2.64512971E-2	4.16591763E-1
2.63925381E-2	4.16179925E-1
2.62328256E-2	4.15488303E-1
2.59868056E-2	4.14280176E-1
2.58009061E-2	4.13143724E-1
2.55771112E-2	4.12596196E-1
2.54674256E-2	4.12181139E-1
2.53955014E-2	4.11761820E-1
2.52760258E-2	4.11358446E-1
2.51719076E-2	4.10578966E-1
2.49850731E-2	4.09708738E-1
2.48901099E-2	4.09287035E-1
2.47497819E-2	4.08486545E-1
2.45917700E-2	4.07668084E-1
2.44340301E-2	4.07105118E-1
2.43257042E-2	4.06187862E-1
2.41582096E-2	4.05326962E-1
2.39323899E-2	4.04415399E-1
2.37816367E-2	4.03139204E-1
2.35570129E-2	4.02334124E-1
2.33708788E-2	4.01220471E-1
2.33092848E-2	4.00534630E-1
2.31995061E-2	4.00069118E-1
2.30682530E-2	3.99415791E-1
2.29932610E-2	3.98587644E-1
2.28562690E-2	3.98039609E-1
2.26624366E-2	3.96675229E-1
2.25140676E-2	3.95073265E-1
2.22392101E-2	3.93713474E-1
2.20718123E-2	3.92831773E-1
2.19839923E-2	3.91856253E-1
2.19021607E-2	3.91009092E-1
2.17180178E-2	3.90298456E-1
2.16367543E-2	3.89365464E-1
2.15113275E-2	3.88025135E-1
2.13712156E-2	3.87138993E-1
2.12724470E-2	3.85746360E-1
2.11133119E-2	3.84870559E-1
2.09589973E-2	3.83956581E-1
2.08225306E-2	3.82510453E-1
2.07453463E-2	3.81515890E-1
2.06388012E-2	3.81018430E-1
2.05479041E-2	3.80125314E-1
2.04647426E-2	3.79494458E-1
2.04239320E-2	3.79030585E-1
2.03316268E-2	3.78260404E-1
2.02657897E-2	3.77638012E-1
2.02099960E-2	3.76999497E-1
2.01037321E-2	3.76054257E-1
1.99880488E-2	3.74915481E-1
1.99113358E-2	3.73769492E-1
1.97473392E-2	3.72410119E-1
1.96073949E-2	3.71513039E-1
1.95661243E-2	3.70032698E-1
1.94131751E-2	3.69059980E-1
1.92697383E-2	3.67913067E-1
1.92037672E-2	3.66790593E-1
1.91152152E-2	3.66026819E-1
1.90365482E-2	3.65362942E-1
1.89923178E-2	3.64845932E-1
1.89514216E-2	3.63944471E-1
1.88733432E-2	3.63504320E-1
1.88542306E-2	3.62889379E-1
1.87785495E-2	3.62185299E-1
1.86958630E-2	3.61481816E-1
1.86232738E-2	3.60059291E-1
1.84817817E-2	3.58013511E-1
1.83658358E-2	3.57550353E-1
1.82857476E-2	3.55989307E-1
1.81822479E-2	3.54432553E-1
1.80859026E-2	3.53428334E-1
1.79975014E-2	3.52284104E-1
1.78762805E-2	3.49849343E-1
1.77163947E-2	3.48387450E-1
1.75479800E-2	3.45980644E-1
1.74415708E-2	3.43841344E-1
1.73020568E-2	3.42738777E-1
1.71922855E-2	3.41540366E-1
1.71560217E-2	3.41120988E-1
1.71223618E-2	3.40266287E-1
1.70572028E-2	3.39171231E-1
1.69919934E-2	3.38081896E-1
1.68833006E-2	3.36965591E-1
1.68082304E-2	3.35557312E-1
1.67629216E-2	3.35144579E-1
1.67583562E-2	3.35061252E-1
1.67526230E-2	3.34670335E-1
1.65986475E-2	3.33214551E-1
1.64554249E-2	3.28476071E-1
1.62331052E-2	3.26025784E-1
1.60525385E-2	3.23248804E-1
1.60108265E-2	3.22663873E-1
1.59999523E-2	3.22549105E-1
1.59859322E-2	3.22510928E-1
1.59712788E-2	3.21470916E-1
1.58708505E-2	3.19873929E-1
1.57424714E-2	3.18378538E-1
1.56405400E-2	3.14830989E-1
1.54746855E-2	3.11741054E-1
1.53038856E-2	3.09725165E-1
1.51372133E-2	3.08218569E-1
1.50876902E-2	3.06455016E-1
1.50669180E-2	3.05765629E-1
1.50597189E-2	3.05642664E-1
1.50561258E-2	3.05560827E-1
1.50427520E-2	3.04706395E-1
1.49453217E-2	3.02006185E-1
1.47380689E-2	2.96754420E-1
1.44016836E-2	2.91137487E-1
1.39678344E-2	2.79378384E-1
1.36268744E-2	2.74733573E-1
1.34662315E-2	2.69363910E-1
1.32973567E-2	2.66624570E-1
1.30907996E-2	2.63985336E-1
1.28973769E-2	2.56863326E-1
1.26914009E-2	2.52078921E-1
1.24367485E-2	2.46005282E-1
1.22542297E-2	2.41983950E-1
1.21926740E-2	2.40674511E-1
1.21289175E-2	2.39641368E-1
1.20664267E-2	2.37181097E-1
1.18867559E-2	2.33758345E-1
1.16530918E-2	2.28000462E-1
1.15036005E-2	2.22551808E-1
1.13098389E-2	2.18115404E-1
1.12008722E-2	2.16599911E-1
1.11544859E-2	2.14852899E-1
1.10760825E-2	2.13157490E-1
1.09891277E-2	2.10857883E-1
1.09183211E-2	2.08880007E-1
1.07660117E-2	2.03800231E-1
1.06296176E-2	2.01681316E-1
1.04806218E-2	1.99217707E-1
1.04072988E-2	1.95782483E-1
1.03071472E-2	1.94054991E-1
1.02029433E-2	1.91883057E-1
1.01623489E-2	1.90521970E-1
1.01115266E-2	1.89954042E-1
1.00989537E-2	1.89680070E-1
1.00913038E-2	1.89570293E-1
1.00901118E-2	1.89552978E-1
1.00893630E-2	1.89536020E-1
1.00888973E-2	1.89527065E-1
1.00884698E-2	1.89522564E-1
1.00877201E-2	1.89517006E-1
1.00873960E-2	1.89502314E-1
1.00596389E-2	1.88678727E-1
9.94452834E-3	1.84338480E-1
9.72946733E-3	1.79291189E-1
9.47503187E-3	1.75281480E-1
9.25965607E-3	1.69546470E-1
9.12147760E-3	1.66222468E-1
9.01537202E-3	1.63999990E-1
8.87094717E-3	1.60467088E-1
8.66529811E-3	1.57029763E-1
8.56080931E-3	1.54559299E-1
8.34840070E-3	1.50154561E-1
8.17817636E-3	1.46749273E-1
8.08741618E-3	1.43553123E-1
7.95465056E-3	1.41193628E-1
7.84083735E-3	1.39606640E-1
7.72707956E-3	1.37195170E-1
7.62186805E-3	1.35186136E-1
7.56498287E-3	1.33232355E-1
7.41692632E-3	1.30861700E-1
7.20419874E-3	1.25233755E-1
7.08283763E-3	1.22785598E-1
6.92504132E-3	1.19808823E-1
6.81825820E-3	1.17866315E-1
6.77257357E-3	1.16875000E-1
6.68103201E-3	1.14241377E-1
6.55656215E-3	1.11473687E-1
6.44222833E-3	1.09724782E-1
6.34397101E-3	1.06490597E-1
6.22239569E-3	9.71436128E-2
6.09557051E-3	9.61456299E-2
5.93425380E-3	9.43966582E-2
5.75561309E-3	9.20607224E-2
5.63397259E-3	8.77787471E-2
5.48992865E-3	8.41464102E-2
5.38757304E-3	8.27116966E-2
5.30452374E-3	7.85518438E-2
5.14702359E-3	7.39515796E-2
4.97700507E-3	7.23599643E-2
4.86205192E-3	6.72656968E-2
4.73182090E-3	6.25233278E-2
4.54985956E-3	5.91650866E-2
4.32811771E-3	5.28330281E-2
4.20096936E-3	4.93996143E-2
4.09698253E-3	4.48904522E-2
3.94253200E-3	4.24379222E-2
3.86748603E-3	3.92432250E-2
3.74787580E-3	3.60291898E-2
3.60944448E-3	3.26775834E-2
3.52549786E-3	3.00717708E-2
3.40838474E-3	2.82872431E-2
3.31118936E-3	2.60803439E-2
3.21324961E-3	2.36433987E-2
3.13611864E-3	2.26424858E-2
3.06244451E-3	1.96310021E-2
2.81116017E-3	1.58236567E-2
2.69839214E-3	1.36721786E-2
2.53779464E-3	1.06556257E-2
2.46839155E-3	9.81718395E-3
2.45677703E-3	9.68624279E-3
2.43090861E-3	8.71289987E-3
2.33057630E-3	7.05741486E-3
2.21809302E-3	5.91840316E-3
2.09849537E-3	3.98554094E-3
2.01097596E-3	2.83075660E-3
1.91984593E-3	1.88982452E-3
1.83883624E-3	1.37244933E-4
1.69741828E-3	-1.69769616E-3
1.52783329E-3	-3.14767240E-3
1.35804259E-3	-5.08179748E-3
1.20936881E-3	-6.75661862E-3
1.10526988E-3	-8.37284140E-3
9.51048569E-4	-9.21174325E-3
8.36667023E-4	-1.07738208E-2
7.53830827E-4	-1.17208268E-2
5.52277081E-4	-1.37234004E-2
2.60056928E-4	-1.56368241E-2
1.21824567E-4	-1.67029351E-2
2.03277632E-5	-1.73370056E-2
2.19021767E-5	-1.73296463E-2
2.17144916E-5	-1.73294619E-2
2.17698926E-5	-1.73342340E-2
2.15641157E-5	-1.73374582E-2
2.15296313E-5	-1.73410848E-2
2.13385538E-5	-1.73411276E-2
2.11683928E-5	-1.73428264E-2
2.11452152E-5	-1.73438359E-2
2.10813341E-5	-1.73423458E-2
2.11587831E-5	-1.73369609E-2
2.11112965E-5	-1.73310619E-2
2.12209670E-5	-1.73265357E-2
2.13425119E-5	-1.73252784E-2
2.13023741E-5	-1.73235442E-2
2.13193325E-5	-1.73208471E-2
2.13979129E-5	-1.73202641E-2
2.13526946E-5	-1.73167009E-2
2.12028917E-5	-1.73161011E-2
2.11927199E-5	-1.73124466E-2
2.11322331E-5	-1.73081979E-2
2.10508279E-5	-1.73041690E-2
2.11322331E-5	-1.73005573E-2
2.09552873E-5	-1.72970071E-2
2.09660284E-5	-1.72919370E-2
2.10547842E-5	-1.72909070E-2
2.09965565E-5	-1.72876902E-2
2.08297879E-5	-1.72870308E-2
2.09010177E-5	-1.72882546E-2
2.06477544E-5	-1.72849689E-2
2.02712508E-5	-1.72879342E-2
2.01321836E-5	-1.72867253E-2
1.99184924E-5	-1.72849316E-2
1.97268491E-5	-1.72827486E-2
1.98042981E-5	-1.72785111E-2
1.98037324E-5	-1.72779430E-2
1.99190581E-5	-1.72781236E-2
1.99377137E-5	-1.72793828E-2
2.01101357E-5	-1.72785707E-2
2.02135889E-5	-1.72774997E-2
2.02373321E-5	-1.72776710E-2
2.02899064E-5	-1.72788911E-2
2.02373321E-5	-1.72815565E-2
2.01751482E-5	-1.72830820E-2
2.00196846E-5	-1.72855426E-2
1.98563066E-5	-1.72875915E-2
1.99744591E-5	-1.72890518E-2
2.00151626E-5	-1.72880404E-2
2.01090061E-5	-1.72881521E-2
2.02576848E-5	-1.72897130E-2
2.01655384E-5	-1.72896814E-2
2.02492065E-5	-1.72891151E-2
2.02418560E-5	-1.72861554E-2
2.01779749E-5	-1.72842778E-2
2.02271585E-5	-1.72829926E-2
9.86652594E-6	-1.76033303E-2
-7.09653323E-5	-1.82940140E-2
-1.33223017E-4	-1.87618677E-2
-2.29617028E-4	-1.92780159E-2
-3.60294973E-4	-2.01922599E-2
-4.19434917E-4	-2.06855927E-2
-5.33799990E-4	-2.15030406E-2
-6.68669760E-4	-2.21009720E-2
-7.70856685E-4	-2.23451219E-2
-1.00589974E-3	-2.13122945E-2
-1.10347418E-3	-2.01590583E-2
-1.24974479E-3	-1.82727743E-2
-1.39056973E-3	-1.37014557E-2
-1.50053366E-3	-7.61589082E-3
-1.68213923E-3	-3.11628706E-3
-1.86026911E-3	2.91712908E-3
-1.98200485E-3	7.61481887E-3
-2.26957630E-3	1.05715292E-2
-2.50333152E-3	1.49890417E-2
-2.65665562E-3	1.88905783E-2
-2.91453139E-3	2.34874375E-2
-3.18072550E-3	2.80740503E-2
-3.41723370E-3	3.10497917E-2
-3.63862142E-3	3.60035151E-2
-3.86217539E-3	4.11714502E-2
-4.05852171E-3	4.57269847E-2
-4.38797055E-3	5.41423336E-2
-4.73257760E-3	6.31671622E-2
-4.96754190E-3	6.94181994E-2
-5.30311745E-3	7.90762976E-2
-5.62701048E-3	9.08570886E-2
-5.96407708E-3	9.63185653E-2
-6.27285382E-3	1.04289792E-1
-6.46430021E-3	1.08851790E-1
-6.82988251E-3	1.23592488E-1
-7.02354033E-3	1.23714149E-1
-7.12363888E-3	1.24258578E-1
-7.25985505E-3	1.26293212E-1
-7.33374478E-3	1.27779111E-1
-7.38058891E-3	1.28251612E-1
-7.41572492E-3	1.28823832E-1
-7.41790375E-3	1.28856882E-1
-7.41836242E-3	1.28864035E-1
-7.41811888E-3	1.28848746E-1
-7.41451280E-3	1.28779605E-1
-7.41310418E-3	1.28739044E-1
-7.41186179E-3	1.28714964E-1
-7.41203176E-3	1.28739715E-1
-7.41325831E-3	1.28753588E-1
-7.41384178E-3	1.28761992E-1
-7.41389859E-3	1.28765032E-1
-7.41290394E-3	1.28751025E-1
-5.68630872E-3	-1.36940153E-2
-4.19966783E-3	-1.37187811E-2
-1.96948042E-3	-1.37355179E-2
1.90908795E-5	-1.37614934E-2
1.93322703E-5	-1.37743130E-2
1.93916221E-5	-1.37785804E-2
1.95323828E-5	-1.37921413E-2
1.95583852E-5	-1.38012087E-2
1.95849534E-5	-1.38052879E-2
1.95323792E-5	-1.38112316E-2
1.95538614E-5	-1.38167916E-2
1.96313104E-5	-1.38183888E-2
1.98602629E-5	-1.38202459E-2
1.97997742E-5	-1.38205634E-2
1.98201269E-5	-1.38203008E-2
1.97432419E-5	-1.38248466E-2
1.98772232E-5	-1.38289426E-2
1.98840080E-5	-1.38322199E-2
1.99071856E-5	-1.38337445E-2
1.98444341E-5	-1.38335852E-2
1.99541064E-5	-1.38342613E-2
2.00671711E-5	-1.38356118E-2
1.99122733E-5	-1.38384402E-2
1.99998976E-5	-1.38404882E-2
1.98359558E-5	-1.38441306E-2
1.98834423E-5	-1.38434069E-2
1.99818078E-5	-1.38452845E-2
2.00078121E-5	-1.38450665E-2
2.02051087E-5	-1.38454679E-2
2.01463154E-5	-1.38403839E-2
2.01237035E-5	-1.38356034E-2
2.01016555E-5	-1.38324341E-2
2.00355134E-5	-1.38305007E-2
2.00372087E-5	-1.38290981E-2
2.00112045E-5	-1.38297249E-2
2.01225721E-5	-1.38294278E-2
2.02203719E-5	-1.38303647E-2
2.02181109E-5	-1.38323698E-2
2.03956206E-5	-1.38320532E-2
2.03939235E-5	-1.38335302E-2
2.03390882E-5	-1.38388649E-2
2.04154057E-5	-1.38395671E-2
2.02927313E-5	-1.38410619E-2
2.03424788E-5	-1.38399424E-2
2.03328691E-5	-1.38365868E-2
2.04312346E-5	-1.38360588E-2
2.02458104E-5	-1.38349347E-2
2.03147792E-5	-1.38345007E-2
2.01378334E-5	-1.38368681E-2
2.03481322E-5	-1.38408290E-2
2.03193013E-5	-1.38443774E-2
2.02870779E-5	-1.38452146E-2
2.02814244E-5	-1.38441948E-2
