# Mess-Beginn: 22.07.2026 13:15:48
# Kei2000	Kei2000
2.03927739E-5	6.33470900E-3
2.02282663E-5	6.33463077E-3
2.01689072E-5	6.33391878E-3
2.01219864E-5	6.33425964E-3
2.00863706E-5	6.33425778E-3
2.01146358E-5	6.33445848E-3
2.00654540E-5	6.33577211E-3
2.00451032E-5	6.33551506E-3
2.01044604E-5	6.33510342E-3
2.00773247E-5	6.33435324E-3
2.02310930E-5	6.33222330E-3
2.03922082E-5	6.33195508E-3
2.03503751E-5	6.33166777E-3
2.03271957E-5	6.33173902E-3
2.03616801E-5	6.33245893E-3
2.03034524E-5	6.33343030E-3
2.02853626E-5	6.33442262E-3
2.02989304E-5	6.33454183E-3
2.02514439E-5	6.33514067E-3
2.02463561E-5	6.33483799E-3
2.02390074E-5	6.33486779E-3
2.02310930E-5	6.33445196E-3
2.02344836E-5	6.33431273E-3
2.02033916E-5	6.33454090E-3
2.01689072E-5	6.33491017E-3
2.01813436E-5	6.33552345E-3
2.02921437E-5	6.33539865E-3
2.02576575E-5	6.33444544E-3
2.02486099E-5	6.33389177E-3
2.02378669E-5	6.33308012E-3
2.00450922E-5	6.33208873E-3
2.01474159E-5	6.33246498E-3
2.01666353E-5	6.33387361E-3
2.01807688E-5	6.33470947E-3
2.03068339E-5	6.33673370E-3
2.01773764E-5	6.33726455E-3
2.02186457E-5	6.33710111E-3
2.01570256E-5	6.33619167E-3
2.01694620E-5	6.33521797E-3
2.01841613E-5	6.33367803E-3
2.01095390E-5	6.33282773E-3
2.01575913E-5	6.33320445E-3
2.01174535E-5	6.33413205E-3
2.01332823E-5	6.33586431E-3
2.00897521E-5	6.33656140E-3
2.02514329E-5	6.33604312E-3
2.03045729E-5	6.33517606E-3
2.03622367E-5	6.33503264E-3
2.04504249E-5	6.33520493E-3
2.02384308E-5	6.33554347E-3
2.01677667E-5	6.33670948E-3
1.99258102E-5	6.33644592E-3
1.98675825E-5	6.33497443E-3
1.99710357E-5	6.33426337E-3
1.99512488E-5	6.33348851E-3
2.01932053E-5	6.33289386E-3
2.02118608E-5	6.33407570E-3
2.01898147E-5	6.33550901E-3
2.02847878E-5	6.33691903E-3
2.01965977E-5	6.33779820E-3
2.02248630E-5	6.33845059E-3
2.03034433E-5	6.33804873E-3
2.02259944E-5	6.33752253E-3
2.01315870E-5	6.33777678E-3
2.01293260E-5	6.33758632E-3
2.01055827E-5	6.33709785E-3
2.00948416E-5	6.33626850E-3
2.01089751E-5	6.33567339E-3
2.00660106E-5	6.33472577E-3
2.00354825E-5	6.33472530E-3
1.99783863E-5	6.33504661E-3
1.99913884E-5	6.33502984E-3
1.99817787E-5	6.33503310E-3
1.99879960E-5	6.33585500E-3
1.99229853E-5	6.33558538E-3
1.99252463E-5	6.33497722E-3
1.99246806E-5	6.33462472E-3
1.98314028E-5	6.33401377E-3
1.99851693E-5	6.33227592E-3
2.00479208E-5	6.33187965E-3
1.99585993E-5	6.33182703E-3
2.00094782E-5	6.33159839E-3
2.00060877E-5	6.33204263E-3
1.99128099E-5	6.33205194E-3
1.99178976E-5	6.33272901E-3
1.99314654E-5	6.33368408E-3
1.99693404E-5	6.33461354E-3
2.00874929E-5	6.33570366E-3
2.01118019E-5	6.33519283E-3
2.01072780E-5	6.33438537E-3
1.99574697E-5	6.33314298E-3
1.99727328E-5	6.33223355E-3
1.99902588E-5	6.33323984E-3
1.99823444E-5	6.33351272E-3
2.98543341E-6	6.35868357E-3
-3.48717949E-5	6.41229283E-3
-6.32977899E-5	6.47345558E-3
-1.08353248E-4	6.51621493E-3
-1.35916576E-4	6.57057064E-3
-1.74002780E-4	6.68508653E-3
-2.80619890E-4	6.79130014E-3
-3.51682334E-4	6.95555517E-3
-4.21673467E-4	7.06164585E-3
-4.84279270E-4	7.09312595E-3
-4.90376260E-4	7.10046384E-3
-4.92130988E-4	7.10602617E-3
-4.93171217E-4	7.11004902E-3
-4.94254346E-4	7.11117266E-3
-4.97254485E-4	7.11727468E-3
-5.12167637E-4	7.16354465E-3
-5.65263676E-4	7.22156232E-3
-6.01694046E-4	7.31304707E-3
-6.39710110E-4	7.40351621E-3
-7.31500564E-4	7.50679197E-3
-7.70692539E-4	7.61608360E-3
-8.12117534E-4	7.75320223E-3
-9.05203109E-4	7.85553362E-3
-9.46182641E-4	7.93420523E-3
-1.00445363E-3	8.04839376E-3
-1.03974703E-3	8.13409500E-3
-1.07453298E-3	8.15429632E-3
-1.11140427E-3	8.27682111E-3
-1.16617698E-3	8.49458482E-3
-1.24067487E-3	8.57039262E-3
-1.35223463E-3	8.80738720E-3
-1.41075091E-3	9.05001443E-3
-1.50832802E-3	9.17686615E-3
-1.61545502E-3	9.36706178E-3
-1.69277447E-3	9.56820603E-3
-1.77825312E-3	1.00010103E-2
-1.89210637E-3	1.01033403E-2
-1.95558276E-3	1.04081165E-2
-2.03089369E-3	1.07136434E-2
-2.14421027E-3	1.09009529E-2
-2.21781456E-3	1.11391097E-2
-2.29167985E-3	1.14229294E-2
-2.36172345E-3	1.15748579E-2
-2.44763424E-3	1.18838148E-2
-2.49041198E-3	1.21191107E-2
-2.53003347E-3	1.22747822E-2
-2.61753099E-3	1.25035681E-2
-2.71735410E-3	1.27780559E-2
-2.76429486E-3	1.33385155E-2
-2.93320813E-3	1.37599828E-2
-3.07047693E-3	1.43441921E-2
-3.13022337E-3	1.45996753E-2
-3.25037353E-3	1.49004413E-2
-3.35929543E-3	1.56168165E-2
-3.47235729E-3	1.61354821E-2
-3.64420167E-3	1.69051867E-2
-3.73064866E-3	1.72647573E-2
-3.74010485E-3	1.74362883E-2
-3.74443526E-3	1.74753144E-2
-3.74811725E-3	1.75107196E-2
-3.76286870E-3	1.76436454E-2
-3.79719376E-3	1.78450029E-2
-3.83429974E-3	1.79163218E-2
-3.89092485E-3	1.81266665E-2
-3.92819755E-3	1.82951931E-2
-3.99417337E-3	1.85568277E-2
-4.05061757E-3	1.88128874E-2
-4.16184729E-3	1.92744620E-2
-4.24781861E-3	1.95982922E-2
-4.36489284E-3	1.99148357E-2
-4.45722416E-3	2.05229521E-2
-4.55420464E-3	2.11741235E-2
-4.71018255E-3	2.13727076E-2
-4.82655177E-3	2.18762681E-2
-4.84976638E-3	2.21433118E-2
-4.89146635E-3	2.22150683E-2
-4.90006432E-3	2.23210007E-2
-4.92205052E-3	2.24443991E-2
-4.95874183E-3	2.26552449E-2
-5.04637370E-3	2.28956584E-2
-5.15382923E-3	2.31413264E-2
-5.20916656E-3	2.34090071E-2
-5.26940683E-3	2.36426555E-2
-5.36176050E-3	2.40670685E-2
-5.43698762E-3	2.44443398E-2
-5.60313370E-3	2.49147937E-2
-5.69641357E-3	2.55793333E-2
-5.77461254E-3	2.60187220E-2
-5.84577257E-3	2.61860378E-2
-5.87753812E-3	2.63440777E-2
-5.93544403E-3	2.65710838E-2
-5.97405853E-3	2.67998315E-2
-6.05607871E-3	2.70371772E-2
-6.10452611E-3	2.72121318E-2
-6.14431454E-3	2.74544489E-2
-6.23066956E-3	2.76916772E-2
-6.29624398E-3	2.80816220E-2
-6.35776622E-3	2.83608492E-2
-6.47283252E-3	2.86530033E-2
-6.60540583E-3	2.91703008E-2
-6.68523274E-3	2.96363998E-2
-6.77202782E-3	2.99367160E-2
-6.89480174E-3	3.04475315E-2
-7.02274079E-3	3.07899378E-2
-7.13191601E-3	3.13170999E-2
-7.22385896E-3	3.16845626E-2
-7.38390023E-3	3.22274379E-2
-7.47038983E-3	3.25920060E-2
-7.60194287E-3	3.29115503E-2
-7.70026445E-3	3.34739164E-2
-7.77958939E-3	3.40441316E-2
-7.93216750E-3	3.43613029E-2
-8.07684287E-3	3.47591117E-2
-8.16190150E-3	3.52722295E-2
-8.27192049E-3	3.56171057E-2
-8.44652764E-3	3.60049903E-2
-8.55562091E-3	3.65876704E-2
-8.66672769E-3	3.71290669E-2
-8.80380161E-3	3.74368839E-2
-8.88071954E-3	3.77294496E-2
-8.95847846E-3	3.81600484E-2
-9.08528827E-3	3.84498164E-2
-9.19956528E-3	3.92268188E-2
-9.43193864E-3	4.00573090E-2
-9.57932789E-3	4.02987488E-2
-9.75409057E-3	4.09667492E-2
-9.83069371E-3	4.12410013E-2
-9.85071156E-3	4.12884839E-2
-9.86063387E-3	4.13293652E-2
-9.88070294E-3	4.14681919E-2
-9.91655793E-3	4.16553989E-2
-9.99431219E-3	4.18452956E-2
-1.00769317E-2	4.23124023E-2
-1.02194790E-2	4.27293219E-2
-1.02965422E-2	4.28633280E-2
-1.03887850E-2	4.32041846E-2
-1.04269711E-2	4.33900841E-2
-1.04664788E-2	4.35188636E-2
-1.05494382E-2	4.37371694E-2
-1.06611354E-2	4.41110469E-2
-1.07060736E-2	4.44167182E-2
-1.08307311E-2	4.48244810E-2
-1.09266927E-2	4.50455472E-2
-1.10008530E-2	4.54246253E-2
-1.10693602E-2	4.56391834E-2
-1.11781834E-2	4.58832793E-2
-1.13006793E-2	4.62880507E-2
-1.13399448E-2	4.65848446E-2
-1.15055321E-2	4.69567142E-2
-1.16544208E-2	4.74690422E-2
-1.17107015E-2	4.78285104E-2
-1.18723474E-2	4.81703505E-2
-1.20085031E-2	4.86920588E-2
-1.21110315E-2	4.91629504E-2
-1.22467028E-2	4.93276380E-2
-1.23360697E-2	4.99208383E-2
-1.24939661E-2	5.05266711E-2
-1.26158362E-2	5.10002375E-2
-1.27618108E-2	5.15092686E-2
-1.29392268E-2	5.21000661E-2
-1.30502656E-2	5.24619371E-2
-1.31843118E-2	5.29054403E-2
-1.32717527E-2	5.33953793E-2
-1.33833103E-2	5.37260026E-2
-1.35423373E-2	5.40398173E-2
-1.36542730E-2	5.45325391E-2
-1.37706846E-2	5.48600480E-2
-1.38315707E-2	5.49876466E-2
-1.39384363E-2	5.53887226E-2
-1.40137589E-2	5.57913184E-2
-1.41076576E-2	5.61448783E-2
-1.42714567E-2	5.66674881E-2
-1.44406725E-2	5.72093725E-2
-1.44963134E-2	5.73891960E-2
-1.46502387E-2	5.78587241E-2
-1.48006435E-2	5.82891218E-2
-1.48870088E-2	5.85515238E-2
-1.49768721E-2	5.90108298E-2
-1.51454527E-2	5.95361330E-2
-1.53152943E-2	5.99018261E-2
-1.53711978E-2	6.02435693E-2
-1.55321006E-2	6.07360266E-2
-1.57086700E-2	6.09126203E-2
-1.57517642E-2	6.13975190E-2
-1.58656295E-2	6.19967096E-2
-1.60428807E-2	6.25491068E-2
-1.61544662E-2	6.28906116E-2
-1.62687059E-2	6.32459596E-2
-1.64435823E-2	6.37345389E-2
-1.65833477E-2	6.40343577E-2
-1.66390277E-2	6.45162463E-2
-1.67846438E-2	6.48235008E-2
-1.69126876E-2	6.52655363E-2
-1.70298014E-2	6.56557754E-2
-1.71473920E-2	6.61961287E-2
-1.73144490E-2	6.65462017E-2
-1.74274947E-2	6.68914914E-2
-1.75205115E-2	6.72021508E-2
-1.75927430E-2	6.74912110E-2
-1.77455675E-2	6.78868443E-2
-1.78231243E-2	6.84639663E-2
-1.81023944E-2	6.93423599E-2
-1.83827337E-2	6.99135140E-2
-1.85224880E-2	7.02984855E-2
-1.85820200E-2	7.04282522E-2
-1.85922626E-2	7.04568475E-2
-1.85957570E-2	7.04629868E-2
-1.85985360E-2	7.04796761E-2
-1.86114777E-2	7.06172585E-2
-1.86647959E-2	7.06787184E-2
-1.87019352E-2	7.08903149E-2
-1.87640861E-2	7.12539181E-2
-1.88744422E-2	7.14895204E-2
-1.89501829E-2	7.19734728E-2
-1.91248935E-2	7.23738223E-2
-1.93092935E-2	7.29730874E-2
-1.93811543E-2	7.34301656E-2
-1.95907503E-2	7.38627315E-2
-1.97182596E-2	7.45057985E-2
-1.99366119E-2	7.49829337E-2
-2.00854968E-2	7.56982714E-2
-2.03071088E-2	7.64708892E-2
-2.05394011E-2	7.67243952E-2
-2.06007697E-2	7.74080083E-2
-2.08054874E-2	7.80057386E-2
-2.09889207E-2	7.83664659E-2
-2.10927371E-2	7.87520036E-2
-2.13170219E-2	7.95089602E-2
-2.14889534E-2	8.04071724E-2
-2.16738824E-2	8.07415843E-2
-2.20133029E-2	8.18646178E-2
-2.22012904E-2	8.27398896E-2
-2.24520992E-2	8.33134279E-2
-2.26183981E-2	8.38356465E-2
-2.28158254E-2	8.44494924E-2
-2.29567494E-2	8.49108249E-2
-2.31052004E-2	8.56293812E-2
-2.32520122E-2	8.61221328E-2
-2.34870091E-2	8.68500993E-2
-2.36393865E-2	8.73939320E-2
-2.39029862E-2	8.79397765E-2
-2.40699966E-2	8.86772051E-2
-2.42983792E-2	8.91483352E-2
-2.43716668E-2	8.96127746E-2
-2.45861560E-2	9.02286321E-2
-2.47765966E-2	9.06349793E-2
-2.48418469E-2	9.12620649E-2
-2.50478759E-2	9.17101204E-2
-2.52443328E-2	9.23068598E-2
-2.53751706E-2	9.27795991E-2
-2.55247876E-2	9.34453756E-2
-2.57128794E-2	9.37887430E-2
-2.58410126E-2	9.40516368E-2
-2.58747824E-2	9.43330675E-2
-2.59546302E-2	9.45090204E-2
-2.59659588E-2	9.45164934E-2
-2.59379204E-2	9.44077000E-2
-2.58774366E-2	9.42663625E-2
-2.58082878E-2	9.40699950E-2
-2.57637091E-2	9.39285904E-2
-2.57465597E-2	9.39220339E-2
-2.57454179E-2	9.39215571E-2
-2.57457327E-2	9.39296335E-2
-2.57464703E-2	9.39382687E-2
-2.57485714E-2	9.39467400E-2
-2.57196091E-2	9.38597396E-2
-2.57023424E-2	9.37019959E-2
-2.56483573E-2	9.35942009E-2
-2.56020389E-2	9.35000852E-2
-2.56511122E-2	9.38701928E-2
-2.58757193E-2	9.46408212E-2
-2.62360554E-2	9.54046249E-2
-2.63787415E-2	9.63808447E-2
-2.68193837E-2	9.77334827E-2
-2.72177216E-2	9.86266509E-2
-2.74625197E-2	9.99307632E-2
-2.77146380E-2	1.00687675E-1
-2.80495752E-2	1.01727642E-1
-2.83659231E-2	1.02426156E-1
-2.85774041E-2	1.03446558E-1
-2.88909506E-2	1.04448803E-1
-2.92110704E-2	1.05212614E-1
-2.93236896E-2	1.06002763E-1
-2.96536684E-2	1.06979080E-1
-2.99516041E-2	1.07626975E-1
-3.00517045E-2	1.08602390E-1
-3.03499941E-2	1.09545507E-1
-3.06997579E-2	1.09977476E-1
-3.09827756E-2	1.11412130E-1
-3.12635414E-2	1.12775058E-1
-3.16773467E-2	1.13631651E-1
-3.20126377E-2	1.14672422E-1
-3.22054140E-2	1.15629941E-1
-3.25003676E-2	1.16220817E-1
-3.26853953E-2	1.16824210E-1
-3.28480676E-2	1.17625453E-1
-3.30734737E-2	1.18222252E-1
-3.32462899E-2	1.18646294E-1
-3.33631411E-2	1.18873112E-1
-3.35285254E-2	1.21197358E-1
-3.37672681E-2	1.21335208E-1
-3.39242108E-2	1.21512167E-1
-3.40941921E-2	1.21837571E-1
-3.43418941E-2	1.22549139E-1
-3.45878452E-2	1.23410381E-1
-3.47865261E-2	1.24094613E-1
-3.49955447E-2	1.24787070E-1
-3.52756530E-2	1.25737593E-1
-3.54568288E-2	1.26348525E-1
-3.57642248E-2	1.27434671E-1
-3.59870456E-2	1.28574401E-1
-3.62162814E-2	1.29362553E-1
-3.66037413E-2	1.30283162E-1
-3.69519256E-2	1.31391928E-1
-3.71335857E-2	1.31994426E-1
-3.73084657E-2	1.32877737E-1
-3.75263132E-2	1.33359656E-1
-3.77586484E-2	1.34228513E-1
-3.79437655E-2	1.34914845E-1
-3.82363722E-2	1.35952786E-1
-3.85215729E-2	1.36961237E-1
-3.86094749E-2	1.37284011E-1
-3.88622023E-2	1.38179272E-1
-3.91170792E-2	1.39180884E-1
-3.93466093E-2	1.40045539E-1
-3.95988487E-2	1.41337320E-1
-3.99488024E-2	1.42544165E-1
-4.01719771E-2	1.43258557E-1
-4.04744893E-2	1.43921524E-1
-4.07359041E-2	1.44893065E-1
-4.09256667E-2	1.45605519E-1
-4.11399603E-2	1.46752611E-1
-4.14117575E-2	1.47649497E-1
-4.16454375E-2	1.48195103E-1
-4.18072939E-2	1.48765191E-1
-4.19997312E-2	1.49862021E-1
-4.23586220E-2	1.51099443E-1
-4.25855480E-2	1.51897907E-1
-4.29092795E-2	1.52611941E-1
-4.30567227E-2	1.53293103E-1
-4.31523137E-2	1.53664172E-1
-4.33191992E-2	1.54264420E-1
-4.34888676E-2	1.54905558E-1
-4.36183922E-2	1.55350178E-1
-4.37571295E-2	1.55853450E-1
-4.39775251E-2	1.56652346E-1
-4.41959873E-2	1.57186255E-1
-4.42605652E-2	1.57702863E-1
-4.44567166E-2	1.58410549E-1
-4.46414165E-2	1.59100398E-1
-4.47493158E-2	1.59545884E-1
-4.48892787E-2	1.60303727E-1
-4.50734608E-2	1.60699591E-1
-4.51614372E-2	1.60979375E-1
-4.52683978E-2	1.61336064E-1
-4.53010798E-2	1.61397383E-1
-4.52958010E-2	1.61382616E-1
-4.52874452E-2	1.61327749E-1
-4.52598669E-2	1.61252618E-1
-4.52224389E-2	1.61178768E-1
-4.52087000E-2	1.61008567E-1
-4.51438092E-2	1.60818815E-1
-4.51072939E-2	1.60758957E-1
-4.51123342E-2	1.60819113E-1
-4.50945757E-2	1.60970867E-1
-4.51957919E-2	1.61245972E-1
-4.52775843E-2	1.61539614E-1
-4.52644527E-2	1.61279276E-1
-4.52247709E-2	1.61133319E-1
-4.52098586E-2	1.61171541E-1
-4.53058332E-2	1.62012830E-1
-4.57412153E-2	1.63908318E-1
-4.63622175E-2	1.65390521E-1
-4.65674773E-2	1.67699948E-1
-4.71163578E-2	1.68580785E-1
-4.73807119E-2	1.69291079E-1
-4.74221036E-2	1.69649348E-1
-4.73948941E-2	1.69261292E-1
-4.74461876E-2	1.69484660E-1
-4.74642999E-2	1.69534355E-1
-4.75066267E-2	1.69746459E-1
-4.76031937E-2	1.70299083E-1
-4.77457643E-2	1.70906082E-1
-4.79814894E-2	1.71992362E-1
-4.82215472E-2	1.72462210E-1
-4.83147465E-2	1.72815129E-1
-4.83444370E-2	1.72957003E-1
-4.83953133E-2	1.73079684E-1
-4.84803692E-2	1.73387155E-1
-4.86061908E-2	1.73979253E-1
-4.87430543E-2	1.75034866E-1
-4.92158122E-2	1.75868437E-1
-4.92916480E-2	1.76765427E-1
-4.95200083E-2	1.77332193E-1
-4.98270132E-2	1.78097591E-1
-4.99782264E-2	1.79159641E-1
-5.01692183E-2	1.80085719E-1
-5.03782406E-2	1.80691004E-1
-5.04018404E-2	1.80628255E-1
-5.03108092E-2	1.80200264E-1
-5.03375493E-2	1.80662200E-1
-5.04545234E-2	1.80781052E-1
-5.05274907E-2	1.81220144E-1
-5.06225117E-2	1.81802377E-1
-5.08141667E-2	1.82353601E-1
-5.09328768E-2	1.83335155E-1
-5.12036122E-2	1.83987617E-1
-5.17150126E-2	1.85463592E-1
-5.20061925E-2	1.87109157E-1
-5.22107147E-2	1.87893033E-1
-5.24207167E-2	1.88540772E-1
-5.24133593E-2	1.88157886E-1
-5.21556064E-2	1.87341735E-1
-5.20643704E-2	1.87036857E-1
-5.19429073E-2	1.86837837E-1
-5.19258045E-2	1.86793298E-1
-5.18808998E-2	1.86636671E-1
-5.20217456E-2	1.86903760E-1
-5.21471389E-2	1.87993824E-1
-5.25377318E-2	1.89554125E-1
-5.28244339E-2	1.89792275E-1
-5.28577119E-2	1.90214932E-1
-5.27661443E-2	1.89842492E-1
-5.25559299E-2	1.89314306E-1
-5.25131114E-2	1.89734489E-1
-5.26867472E-2	1.89963877E-1
-5.29395267E-2	1.90844655E-1
-5.31031080E-2	1.91147760E-1
-5.31648137E-2	1.91704527E-1
-5.32645583E-2	1.91817239E-1
-5.31949736E-2	1.91592589E-1
-5.31539842E-2	1.91838294E-1
-5.35023436E-2	1.92906663E-1
-5.37103862E-2	1.93834767E-1
-5.42746782E-2	1.95756868E-1
-5.45455217E-2	1.96749419E-1
-5.46992384E-2	1.96934268E-1
-5.48376180E-2	1.98702589E-1
-5.52993864E-2	2.01196611E-1
-5.60052991E-2	2.02945590E-1
-5.64798564E-2	2.04800904E-1
-5.68568707E-2	2.06144258E-1
-5.70633560E-2	2.06494525E-1
-5.71361072E-2	2.06626967E-1
-5.71532957E-2	2.06910223E-1
-5.72941303E-2	2.07628846E-1
-5.74675351E-2	2.07926869E-1
-5.75334579E-2	2.08548203E-1
-5.77777475E-2	2.09415078E-1
-5.79280443E-2	2.10049465E-1
-5.80591634E-2	2.10741416E-1
-5.83152212E-2	2.11638525E-1
-5.85478693E-2	2.12281212E-1
-5.86652532E-2	2.13093325E-1
-5.88503964E-2	2.13702783E-1
-5.89742661E-2	2.14027047E-1
-5.91307320E-2	2.14808643E-1
-5.92022091E-2	2.15482891E-1
-5.94268851E-2	2.16154724E-1
-5.97438067E-2	2.17075869E-1
-5.97730875E-2	2.18220770E-1
-6.02684654E-2	2.20309585E-1
-6.06583431E-2	2.20762461E-1
-6.06895909E-2	2.21210286E-1
-6.07839972E-2	2.21534252E-1
-6.06867373E-2	2.21104383E-1
-6.05939217E-2	2.20872775E-1
-6.06666468E-2	2.21336648E-1
-6.07185327E-2	2.21362129E-1
-6.07829951E-2	2.22637311E-1
-6.12692907E-2	2.25506619E-1
-6.18535951E-2	2.27026001E-1
-6.24410138E-2	2.29365110E-1
-6.30458891E-2	2.31591403E-1
-6.34158999E-2	2.32511669E-1
-6.37611896E-2	2.33419403E-1
-6.38564751E-2	2.34438971E-1
-6.41154349E-2	2.35495478E-1
-6.43738359E-2	2.36048773E-1
-6.45489618E-2	2.37265736E-1
-6.49832264E-2	2.38737851E-1
-6.51643723E-2	2.39333346E-1
-6.55042082E-2	2.40839705E-1
-6.57346547E-2	2.41450995E-1
-6.56443164E-2	2.41316810E-1
-6.55222908E-2	2.40767494E-1
-6.55056089E-2	2.40920082E-1
-6.55807927E-2	2.41166189E-1
-6.57508224E-2	2.41593331E-1
-6.58669472E-2	2.42236078E-1
-6.59358278E-2	2.42184728E-1
-6.59417808E-2	2.42555186E-1
-6.61301687E-2	2.44364247E-1
-6.66651353E-2	2.47580960E-1
-6.75288588E-2	2.49942183E-1
-6.84273094E-2	2.53431857E-1
-6.88799992E-2	2.54233569E-1
-6.89379871E-2	2.54282981E-1
-6.89871237E-2	2.54565358E-1
-6.90183267E-2	2.54675090E-1
-6.90306276E-2	2.54778683E-1
-6.90800250E-2	2.55077988E-1
-6.91527352E-2	2.55722433E-1
-6.92677200E-2	2.56043732E-1
-6.92707971E-2	2.56305903E-1
-6.93020672E-2	2.55943626E-1
-6.91885725E-2	2.55405009E-1
-6.89902827E-2	2.55005687E-1
-6.91516697E-2	2.55513877E-1
-6.94731921E-2	2.56324202E-1
-6.96760118E-2	2.58564383E-1
-7.04021528E-2	2.61740029E-1
-7.09092766E-2	2.63292968E-1
-7.14154541E-2	2.64660120E-1
-7.15720430E-2	2.65322894E-1
-7.15662241E-2	2.65147269E-1
-7.15601742E-2	2.65668482E-1
-7.16445297E-2	2.66002297E-1
-7.18724132E-2	2.68357486E-1
-7.23643899E-2	2.70477384E-1
-7.27935806E-2	2.71302223E-1
-7.31331483E-2	2.72475749E-1
-7.33228400E-2	2.73075193E-1
-7.34087080E-2	2.73154646E-1
-7.35434443E-2	2.74211973E-1
-7.39559382E-2	2.76349872E-1
-7.42635876E-2	2.77316481E-1
-7.46531934E-2	2.79037565E-1
-7.49402493E-2	2.78782278E-1
-7.47898221E-2	2.78296202E-1
-7.46107772E-2	2.77514696E-1
-7.44235292E-2	2.76902884E-1
-7.42722377E-2	2.76709735E-1
-7.42694363E-2	2.76703477E-1
-7.42584839E-2	2.76709408E-1
-7.42266104E-2	2.76507080E-1
-7.41107315E-2	2.76191145E-1
-7.40840733E-2	2.75958568E-1
-7.40068257E-2	2.75710940E-1
-7.41933286E-2	2.76494324E-1
-7.45621845E-2	2.77383178E-1
-7.47317672E-2	2.78619796E-1
-7.49998167E-2	2.79586673E-1
-7.53040463E-2	2.81208605E-1
-7.56463334E-2	2.84134120E-1
-7.62005225E-2	2.85232246E-1
-7.70299360E-2	2.88716316E-1
-7.75809661E-2	2.92060822E-1
-7.81731606E-2	2.94340342E-1
-7.88432136E-2	2.95925379E-1
-7.94371739E-2	2.98192024E-1
-7.97831491E-2	2.99531072E-1
-8.00725594E-2	3.01222444E-1
-8.06780905E-2	3.04100335E-1
-8.10766667E-2	3.05264771E-1
-8.14398080E-2	3.06083679E-1
-8.16813484E-2	3.07149142E-1
-8.17140266E-2	3.07026386E-1
-8.16956237E-2	3.07109058E-1
-8.17320496E-2	3.07764888E-1
-8.18793774E-2	3.08513463E-1
-8.20254236E-2	3.09194118E-1
-8.23199823E-2	3.10357302E-1
-8.27146992E-2	3.11811328E-1
-8.28752443E-2	3.12202424E-1
-8.32870752E-2	3.14786315E-1
-8.40099975E-2	3.18193197E-1
-8.43248814E-2	3.20569366E-1
-8.52192119E-2	3.23972434E-1
-8.58013108E-2	3.24901849E-1
-8.59594345E-2	3.25560361E-1
-8.62039328E-2	3.26720774E-1
-8.65480974E-2	3.28561753E-1
-8.69221762E-2	3.29843163E-1
-8.72442648E-2	3.30581546E-1
-8.75636786E-2	3.31896693E-1
-8.76910686E-2	3.32501680E-1
-8.79633129E-2	3.33512753E-1
-8.83724764E-2	3.35410565E-1
-8.86515751E-2	3.36730629E-1
-8.89771134E-2	3.37748736E-1
-8.92452598E-2	3.39159757E-1
-8.94769505E-2	3.40148926E-1
-8.96858871E-2	3.41346651E-1
-9.01859850E-2	3.42794508E-1
-9.04422253E-2	3.44522536E-1
-9.07503515E-2	3.45873713E-1
-9.11448449E-2	3.47073406E-1
-9.13370326E-2	3.47740412E-1
-9.14594904E-2	3.48266006E-1
-9.20107737E-2	3.50320399E-1
-9.25009549E-2	3.51884842E-1
-9.27662030E-2	3.52396280E-1
-9.29798707E-2	3.53622764E-1
-9.29437876E-2	3.53702873E-1
-9.29874554E-2	3.53946954E-1
-9.31092277E-2	3.54707479E-1
-9.33454335E-2	3.55629683E-1
-9.37639475E-2	3.57210517E-1
-9.41132382E-2	3.58620137E-1
-9.49701145E-2	3.61952186E-1
-9.54857394E-2	3.63858402E-1
-9.61741731E-2	3.66008610E-1
-9.72858220E-2	3.69758487E-1
-9.78795364E-2	3.71421397E-1
-9.81828794E-2	3.72412443E-1
-9.85899493E-2	3.74019086E-1
-9.87239406E-2	3.74551177E-1
-9.87691730E-2	3.74901146E-1
-9.89230275E-2	3.74956548E-1
-9.86130089E-2	3.74094039E-1
-9.84084383E-2	3.73475850E-1
-9.83375832E-2	3.73555779E-1
-9.86052826E-2	3.74559760E-1
-9.89845470E-2	3.75860572E-1
-9.92910191E-2	3.77186507E-1
-9.98129547E-2	3.79114062E-1
-1.00149959E-1	3.80410850E-1
-1.00327052E-1	3.81423473E-1
-1.00913145E-1	3.83164555E-1
-1.01208262E-1	3.83193731E-1
-1.00882076E-1	3.82826746E-1
-1.00681432E-1	3.81587207E-1
-1.00120507E-1	3.79931003E-1
-9.99381393E-2	3.79376084E-1
-1.00112982E-1	3.80337149E-1
-1.00632370E-1	3.81994903E-1
-1.00726023E-1	3.82652879E-1
-1.00979760E-1	3.83304805E-1
-1.00972921E-1	3.82914454E-1
-1.00816846E-1	3.82244200E-1
-1.00466318E-1	3.81035924E-1
-1.00103021E-1	3.80205929E-1
-9.99476835E-2	3.79584759E-1
-9.97196510E-2	3.78705084E-1
-9.95928794E-2	3.78285706E-1
-9.96046439E-2	3.78341526E-1
-9.96279418E-2	3.78648371E-1
-1.00189313E-1	3.80810916E-1
-1.00423530E-1	3.81924838E-1
-1.00589491E-1	3.82339150E-1
-1.00741275E-1	3.82288009E-1
-1.00550435E-1	3.81938428E-1
-1.00638382E-1	3.82238746E-1
-1.00786984E-1	3.83327544E-1
-1.01350509E-1	3.85698467E-1
-1.01864792E-1	3.87486130E-1
-1.02786221E-1	3.91113102E-1
-1.03987068E-1	3.95248443E-1
-1.04724906E-1	3.99185777E-1
-1.07625559E-1	4.09908712E-1
-1.10526301E-1	4.16408628E-1
-1.12234972E-1	4.22298014E-1
-1.13829263E-1	4.28914189E-1
-1.14364430E-1	4.29982781E-1
-1.14555717E-1	4.30315197E-1
-1.14535488E-1	4.30474907E-1
-1.14569880E-1	4.30257797E-1
-1.14525661E-1	4.30523247E-1
-1.14693746E-1	4.31254178E-1
-1.14821404E-1	4.31374282E-1
-1.14943206E-1	4.32021230E-1
-1.14889145E-1	4.32168663E-1
-1.15211695E-1	4.33426946E-1
-1.15922853E-1	4.36013013E-1
-1.16366886E-1	4.37403232E-1
-1.16903812E-1	4.39063042E-1
-1.17251217E-1	4.39855695E-1
-1.17440842E-1	4.40737665E-1
-1.17827512E-1	4.42181796E-1
-1.18030719E-1	4.42696959E-1
-1.18184157E-1	4.43425506E-1
-1.18300691E-1	4.45922524E-1
-1.21142931E-1	4.48136121E-1
-1.21262074E-1	4.50602889E-1
-1.21502817E-1	4.54175800E-1
-1.21803515E-1	4.56238955E-1
-1.22578166E-1	4.58194762E-1
-1.23444490E-1	4.61040258E-1
-1.23887591E-1	4.63235110E-1
-1.24472506E-1	4.64400858E-1
-1.24514006E-1	4.64585572E-1
-1.24537453E-1	4.64841992E-1
-1.24616057E-1	4.65274245E-1
-1.24879368E-1	4.66084957E-1
-1.25143632E-1	4.67759967E-1
-1.25729993E-1	4.69866186E-1
-1.26394883E-1	4.71375823E-1
-1.26564682E-1	4.72709209E-1
-1.27093375E-1	4.74179357E-1
-1.27536103E-1	4.75119770E-1
-1.27844945E-1	4.76388037E-1
-1.28173098E-1	4.77283120E-1
-1.28544763E-1	4.78111297E-1
-1.28735363E-1	4.79091883E-1
-1.28972203E-1	4.80254501E-1
-1.29529044E-1	4.81345832E-1
-1.30144656E-1	4.83326733E-1
-1.30548462E-1	4.85180080E-1
-1.31002516E-1	4.85995263E-1
-1.31542102E-1	4.87905353E-1
-1.31931812E-1	4.89567518E-1
-1.32481977E-1	4.90683734E-1
-1.32859901E-1	4.91863966E-1
-1.33147463E-1	4.93030131E-1
-1.33389175E-1	4.93848294E-1
-1.33684859E-1	4.94551033E-1
-1.33896053E-1	4.95833963E-1
-1.34240195E-1	4.96377826E-1
-1.34399787E-1	4.96901959E-1
-1.34428605E-1	4.97125208E-1
-1.34384185E-1	4.96631593E-1
-1.34265766E-1	4.96548712E-1
-1.34324595E-1	4.96879250E-1
-1.34451255E-1	4.97281045E-1
-1.34609997E-1	4.97780144E-1
-1.34969309E-1	4.99123693E-1
-1.35280207E-1	5.00539184E-1
-1.35760963E-1	5.00963330E-1
-1.36139959E-1	5.02237737E-1
-1.36370480E-1	5.03312767E-1
-1.36789694E-1	5.04259706E-1
-1.37564555E-1	5.06566882E-1
-1.38116121E-1	5.08130014E-1
-1.38737530E-1	5.09966135E-1
-1.39420986E-1	5.11371255E-1
-1.39594302E-1	5.13292432E-1
-1.40345648E-1	5.15224874E-1
-1.40981540E-1	5.16314805E-1
-1.41265333E-1	5.17128289E-1
-1.41639978E-1	5.18272638E-1
-1.42223701E-1	5.19296050E-1
-1.42629340E-1	5.20821691E-1
-1.42930016E-1	5.21812081E-1
-1.43221706E-1	5.22035897E-1
-1.43121809E-1	5.21861970E-1
-1.43123865E-1	5.21866381E-1
-1.43104509E-1	5.21817803E-1
-1.43218130E-1	5.22179961E-1
-1.43338367E-1	5.22467554E-1
-1.43305689E-1	5.22373974E-1
-1.43298924E-1	5.22504389E-1
-1.43139318E-1	5.21986187E-1
-1.42892510E-1	5.21444261E-1
-1.42779857E-1	5.21286786E-1
-1.42687574E-1	5.21059334E-1
-1.42704114E-1	5.21322668E-1
-1.42888963E-1	5.21886528E-1
-1.43152475E-1	5.23132384E-1
-1.43693149E-1	5.24619341E-1
-1.44273371E-1	5.25102973E-1
-1.44586399E-1	5.26244879E-1
-1.44841358E-1	5.26764154E-1
-1.44952819E-1	5.26963651E-1
-1.45037413E-1	5.27405500E-1
-1.45318761E-1	5.28169334E-1
-1.45595849E-1	5.28879583E-1
-1.45936102E-1	5.30017495E-1
-1.46527842E-1	5.31042695E-1
-1.47178873E-1	5.31966627E-1
-1.47546545E-1	5.33345342E-1
-1.48196056E-1	5.34856677E-1
-1.48522735E-1	5.35346508E-1
-1.48818254E-1	5.35851717E-1
-1.49227291E-1	5.37116647E-1
-1.49909079E-1	5.38615108E-1
-1.50859475E-1	5.39901376E-1
-1.51564628E-1	5.42079628E-1
-1.52532950E-1	5.43518960E-1
-1.53301328E-1	5.43970406E-1
-1.53525278E-1	5.45287013E-1
-1.54337421E-1	5.46497345E-1
-1.55116946E-1	5.47369301E-1
-1.55786335E-1	5.49060464E-1
-1.56826779E-1	5.50601840E-1
-1.57775894E-1	5.51548839E-1
-1.58409476E-1	5.52984297E-1
-1.59408882E-1	5.53832591E-1
-1.60290465E-1	5.54588437E-1
-1.60857841E-1	5.55995166E-1
-1.62247628E-1	5.57307065E-1
-1.62911385E-1	5.57990968E-1
-1.63592666E-1	5.58770299E-1
-1.64814547E-1	5.59603274E-1
-1.65346205E-1	5.60138941E-1
-1.65795401E-1	5.60557902E-1
-1.66247100E-1	5.60885727E-1
-1.66780993E-1	5.61291039E-1
-1.67317584E-1	5.61584651E-1
-1.67734548E-1	5.62081397E-1
-1.68393314E-1	5.62572718E-1
-1.69056162E-1	5.62915385E-1
-1.69665352E-1	5.63651681E-1
-1.70717880E-1	5.64369261E-1
-1.71831012E-1	5.64805150E-1
-1.72175765E-1	5.65281570E-1
-1.72948539E-1	5.65559030E-1
-1.73535034E-1	5.65752387E-1
-1.73892722E-1	5.65969586E-1
-1.74484566E-1	5.66273630E-1
-1.75103068E-1	5.66494167E-1
-1.75353646E-1	5.66746950E-1
-1.75692156E-1	5.67034125E-1
-1.76313519E-1	5.67245007E-1
-1.76739499E-1	5.67582548E-1
-1.77433401E-1	5.67780852E-1
-1.77959144E-1	5.68027437E-1
-1.78278014E-1	5.68178475E-1
-1.78622544E-1	5.68401039E-1
-1.79148346E-1	5.68609476E-1
-1.79706544E-1	5.68690419E-1
-1.80203617E-1	5.68957031E-1
-1.80757284E-1	5.69253981E-1
-1.81550741E-1	5.69362998E-1
-1.82120904E-1	5.69651604E-1
-1.82784736E-1	5.69886625E-1
-1.83433726E-1	5.70037782E-1
-1.83531970E-1	5.70089698E-1
-1.83633715E-1	5.70149481E-1
-1.83850557E-1	5.70215404E-1
-1.84059173E-1	5.70365787E-1
-1.84585378E-1	5.70496440E-1
-1.85110047E-1	5.70612550E-1
-1.85438618E-1	5.70821524E-1
-1.86365828E-1	5.70981622E-1
-1.87000275E-1	5.71205735E-1
-1.87635034E-1	5.71356416E-1
-1.88602448E-1	5.71539521E-1
-1.89080223E-1	5.71664393E-1
-1.89339846E-1	5.71705997E-1
-1.89788088E-1	5.71833968E-1
-1.89958498E-1	5.71919322E-1
-1.90188527E-1	5.71958840E-1
-1.90290391E-1	5.71978390E-1
-1.90291762E-1	5.71978092E-1
-1.90267712E-1	5.71971714E-1
-1.90248489E-1	5.71977556E-1
-1.90225795E-1	5.71987271E-1
-1.90191925E-1	5.71986496E-1
-1.90145120E-1	5.71973145E-1
-1.90039396E-1	5.71967542E-1
-1.89992577E-1	5.71956277E-1
-1.90128788E-1	5.72014868E-1
-1.90522879E-1	5.72100818E-1
-1.90857098E-1	5.72151244E-1
-1.91067666E-1	5.72225869E-1
-1.91287011E-1	5.72265625E-1
-1.91687405E-1	5.72325408E-1
-1.92028716E-1	5.72447658E-1
-1.92538157E-1	5.72551012E-1
-1.93296865E-1	5.72709203E-1
-1.93839952E-1	5.72822750E-1
-1.94782555E-1	5.72992146E-1
-1.95740893E-1	5.73162258E-1
-1.96578071E-1	5.73232532E-1
-1.97459951E-1	5.73433042E-1
-1.98588043E-1	5.73598325E-1
-1.99642226E-1	5.73707581E-1
-2.00165242E-1	5.73832631E-1
-2.00854287E-1	5.73942602E-1
-2.01627046E-1	5.74017644E-1
-2.02083230E-1	5.74116230E-1
-2.02691078E-1	5.74176371E-1
-2.03032345E-1	5.74230671E-1
-2.03334183E-1	5.74307323E-1
-2.03818575E-1	5.74375093E-1
-2.04292372E-1	5.74418783E-1
-2.04578802E-1	5.74460924E-1
-2.05034614E-1	5.74535370E-1
-2.05359548E-1	5.74611485E-1
-2.05835715E-1	5.74662566E-1
-2.06378102E-1	5.74738145E-1
-2.06743211E-1	5.74796081E-1
-2.07026273E-1	5.74815571E-1
-2.07434893E-1	5.74876070E-1
-2.07813010E-1	5.74929357E-1
-2.08081737E-1	5.74963331E-1
-2.08391204E-1	5.75022519E-1
-2.08924308E-1	5.75076580E-1
-2.09429950E-1	5.75114787E-1
-2.09818244E-1	5.75177014E-1
-2.10377485E-1	5.75234771E-1
-2.10945979E-1	5.75253606E-1
-2.11258098E-1	5.75311184E-1
-2.11633265E-1	5.75349748E-1
-2.11927906E-1	5.75368285E-1
-2.12103859E-1	5.75396359E-1
-2.12331444E-1	5.75425923E-1
-2.12619543E-1	5.75449169E-1
-2.12866947E-1	5.75488210E-1
-2.13114381E-1	5.75520515E-1
-2.13511795E-1	5.75543046E-1
-2.13838652E-1	5.75574815E-1
-2.14603916E-1	5.75634241E-1
-2.15422824E-1	5.75698316E-1
-2.15991765E-1	5.75745523E-1
-2.16929138E-1	5.75809956E-1
-2.17452943E-1	5.75848043E-1
-2.18002856E-1	5.75896502E-1
-2.19341025E-1	5.76010883E-1
-2.20611095E-1	5.76118171E-1
-2.21385151E-1	5.76188564E-1
-2.22485885E-1	5.76281846E-1
-2.23243013E-1	5.76351702E-1
-2.23813727E-1	5.76400995E-1
-2.24401966E-1	5.76463461E-1
-2.25186735E-1	5.76512814E-1
-2.25721121E-1	5.76534867E-1
-2.25866809E-1	5.76551318E-1
-2.25819364E-1	5.76551855E-1
-2.25382060E-1	5.76542497E-1
-2.24982396E-1	5.76510668E-1
-2.24180996E-1	5.76485395E-1
-2.23295376E-1	5.76455176E-1
-2.23008618E-1	5.76401711E-1
-2.21962690E-1	5.76344252E-1
-2.20893264E-1	5.76304376E-1
-2.20160440E-1	5.76231301E-1
-2.18963668E-1	5.76183081E-1
-2.17836678E-1	5.76103628E-1
-2.17066944E-1	5.76042593E-1
-2.15826422E-1	5.75953126E-1
-2.15033248E-1	5.75858116E-1
-2.14138418E-1	5.75789809E-1
-2.12681621E-1	5.75727522E-1
-2.12342098E-1	5.75684071E-1
-2.11908132E-1	5.75648069E-1
-2.11271867E-1	5.75611293E-1
-2.10424408E-1	5.75528264E-1
-2.09672153E-1	5.75463712E-1
-2.08711460E-1	5.75381279E-1
-2.07946330E-1	5.75310707E-1
-2.07415476E-1	5.75263739E-1
-2.06841826E-1	5.75188756E-1
-2.06043258E-1	5.75115502E-1
-2.05282375E-1	5.75091481E-1
-2.04793483E-1	5.75013041E-1
-2.04105899E-1	5.74942589E-1
-2.03476161E-1	5.74896395E-1
-2.02991962E-1	5.74815989E-1
-2.02268869E-1	5.74729860E-1
-2.01379359E-1	5.74662387E-1
-2.00748622E-1	5.74549615E-1
-1.99796617E-1	5.74431479E-1
-1.98835671E-1	5.74348092E-1
-1.98146284E-1	5.74204087E-1
-1.97070986E-1	5.74101269E-1
-1.96329981E-1	5.73939860E-1
-1.95183650E-1	5.73824406E-1
-1.94440812E-1	5.73683083E-1
-1.93586290E-1	5.73594391E-1
-1.93381086E-1	5.73517561E-1
-1.92687377E-1	5.73432744E-1
-1.91772714E-1	5.73248327E-1
-1.90875858E-1	5.73076367E-1
-1.89394370E-1	5.72796941E-1
-1.88100025E-1	5.72545111E-1
-1.87322602E-1	5.72382987E-1
-1.86022520E-1	5.72090566E-1
-1.84787527E-1	5.71785152E-1
-1.83882296E-1	5.71551681E-1
-1.82349905E-1	5.71137905E-1
-1.81395739E-1	5.70694745E-1
-1.80345103E-1	5.70360482E-1
-1.78713530E-1	5.70021331E-1
-1.77390218E-1	5.69458902E-1
-1.76636770E-1	5.69331884E-1
-1.75650612E-1	5.68952501E-1
-1.74701437E-1	5.68536699E-1
-1.74033463E-1	5.68244040E-1
-1.73385993E-1	5.67810535E-1
-1.72568411E-1	5.67592204E-1
-1.71972975E-1	5.67313373E-1
-1.71619892E-1	5.67128956E-1
-1.71125725E-1	5.66850364E-1
-1.70530692E-1	5.66527903E-1
-1.70120567E-1	5.66266894E-1
-1.69270411E-1	5.65685332E-1
-1.68201983E-1	5.64986408E-1
-1.67465940E-1	5.64483106E-1
-1.66307986E-1	5.63592672E-1
-1.65204838E-1	5.62771440E-1
-1.64497778E-1	5.62491953E-1
-1.63360998E-1	5.61485469E-1
-1.62173644E-1	5.60346663E-1
-1.61737576E-1	5.59413314E-1
-1.60243317E-1	5.57836592E-1
-1.58787161E-1	5.56292653E-1
-1.57872871E-1	5.55215597E-1
-1.56483576E-1	5.53331614E-1
-1.55125394E-1	5.52036703E-1
-1.54165968E-1	5.50501466E-1
-1.52610511E-1	5.48099995E-1
-1.51235878E-1	5.45380056E-1
-1.50021836E-1	5.42950213E-1
-1.47837922E-1	5.38783371E-1
-1.45684674E-1	5.34415543E-1
-1.44356206E-1	5.31795442E-1
-1.42551482E-1	5.29166341E-1
-1.41628444E-1	5.25940835E-1
-1.40456006E-1	5.23287356E-1
-1.39668554E-1	5.21481693E-1
-1.38693660E-1	5.18857539E-1
-1.37979299E-1	5.15447140E-1
-1.36489883E-1	5.12670577E-1
-1.34918392E-1	5.08563101E-1
-1.33879140E-1	5.04021347E-1
-1.32220030E-1	5.01331806E-1
-1.30635321E-1	4.96562690E-1
-1.29500419E-1	4.93174881E-1
-1.27831727E-1	4.90196824E-1
-1.26298234E-1	4.85665560E-1
-1.25285283E-1	4.81172472E-1
-1.24267325E-1	4.78492498E-1
-1.22834928E-1	4.74076003E-1
-1.21355794E-1	4.69924033E-1
-1.20582446E-1	4.68178838E-1
-1.19829744E-1	4.66094285E-1
-1.19367287E-1	4.64757413E-1
-1.19037546E-1	4.63659167E-1
-1.18144497E-1	4.61303204E-1
-1.16741575E-1	4.56687868E-1
-1.15555480E-1	4.52824324E-1
-1.13982752E-1	4.47528988E-1
-1.12597264E-1	4.43067670E-1
-1.11749366E-1	4.40383583E-1
-1.10632144E-1	4.36718941E-1
-1.09850645E-1	4.33099508E-1
-1.09145798E-1	4.30784315E-1
-1.07893035E-1	4.28057313E-1
-1.06273398E-1	4.23850864E-1
-1.05821200E-1	4.18801159E-1
-1.04165725E-1	4.15180206E-1
-1.02833785E-1	4.10321712E-1
-1.01905838E-1	4.05844897E-1
-9.93581712E-2	4.03422743E-1
-9.91340652E-2	4.00267690E-1
-9.89117771E-2	3.97169113E-1
-9.79663283E-2	3.94177645E-1
-9.64699909E-2	3.88885468E-1
-9.53367352E-2	3.82452965E-1
-9.32238027E-2	3.80050957E-1
-9.21699926E-2	3.71909827E-1
-9.07897428E-2	3.68716329E-1
-8.99698809E-2	3.65859985E-1
-8.92123431E-2	3.63029271E-1
-8.84747431E-2	3.59803319E-1
-8.78072605E-2	3.57223421E-1
-8.70976076E-2	3.52434993E-1
-8.51963088E-2	3.46346855E-1
-8.46764445E-2	3.42505187E-1
-8.32318887E-2	3.36510122E-1
-8.18962678E-2	3.31016392E-1
-8.10140073E-2	3.29183519E-1
-8.01098198E-2	3.23415935E-1
-7.88026080E-2	3.18221688E-1
-7.79456347E-2	3.14609706E-1
-7.67062530E-2	3.09700042E-1
-7.56505355E-2	3.06743830E-1
-7.49645755E-2	3.02567601E-1
-7.39564002E-2	2.99768597E-1
-7.28844032E-2	2.95189947E-1
-7.20802546E-2	2.89426953E-1
-7.11151212E-2	2.85558403E-1
-6.99103177E-2	2.81327933E-1
-6.88510090E-2	2.77161717E-1
-6.81855232E-2	2.75161028E-1
-6.73835501E-2	2.71380514E-1
-6.62695542E-2	2.68232584E-1
-6.59090877E-2	2.65313834E-1
-6.47581667E-2	2.59251773E-1
-6.29563481E-2	2.53372937E-1
-6.15507998E-2	2.47331142E-1
-5.98607250E-2	2.37126097E-1
-5.67156859E-2	2.30765104E-1
-5.60587607E-2	2.23148257E-1
-5.42583838E-2	2.18745813E-1
-5.30545935E-2	2.13683575E-1
-5.22852466E-2	2.09511057E-1
-5.12801819E-2	2.07110226E-1
-5.03454916E-2	2.04288512E-1
-4.95869331E-2	1.99252814E-1
-4.80609611E-2	1.95485443E-1
-4.64343913E-2	1.89187050E-1
-4.54618111E-2	1.83956325E-1
-4.44624275E-2	1.80770546E-1
-4.32724580E-2	1.76423475E-1
-4.21683826E-2	1.72180191E-1
-4.14022021E-2	1.69899002E-1
-4.05434370E-2	1.66831866E-1
-3.97899300E-2	1.64277136E-1
-3.93291824E-2	1.62705556E-1
-3.86941172E-2	1.60233289E-1
-3.82217504E-2	1.58546776E-1
-3.80489118E-2	1.57911330E-1
-3.81361246E-2	1.58944413E-1
-3.83004062E-2	1.58354834E-1
-3.80204581E-2	1.58194199E-1
-3.81132290E-2	1.57746226E-1
-3.76297310E-2	1.55697763E-1
-3.73192877E-2	1.55470952E-1
-3.69090922E-2	1.53075933E-1
-3.60187143E-2	1.49868086E-1
-3.53962593E-2	1.47739008E-1
-3.45148630E-2	1.44593149E-1
-3.36946361E-2	1.41695082E-1
-3.31061631E-2	1.39597982E-1
-3.20750922E-2	1.35977507E-1
-3.10663395E-2	1.32603079E-1
-3.04390211E-2	1.30545944E-1
-2.96846591E-2	1.28217548E-1
-2.92582419E-2	1.26961038E-1
-2.90693305E-2	1.26367047E-1
-2.88337730E-2	1.25650436E-1
-2.85122022E-2	1.24312796E-1
-2.80740447E-2	1.22723825E-1
-2.73593683E-2	1.19045608E-1
-2.61446312E-2	1.14793420E-1
-2.49748901E-2	1.12536028E-1
-2.41226237E-2	1.09792463E-1
-2.37892773E-2	1.08172230E-1
-2.34902278E-2	1.07167885E-1
-2.29273532E-2	1.05022386E-1
-2.21814010E-2	9.84450057E-2
-2.15694457E-2	9.73604843E-2
-2.04671398E-2	9.61575061E-2
-1.93755850E-2	9.33046713E-2
-1.86400209E-2	9.10030678E-2
-1.76342502E-2	8.79402608E-2
-1.67384166E-2	8.58102143E-2
-1.61688589E-2	8.28676000E-2
-1.52980564E-2	8.00622702E-2
-1.44022536E-2	7.79793113E-2
-1.37755508E-2	7.49405399E-2
-1.27481716E-2	7.18396828E-2
-1.16812857E-2	6.95381761E-2
-1.10243168E-2	6.65305704E-2
-9.99411102E-3	6.33965135E-2
-9.41385981E-3	6.16618209E-2
-8.67311098E-3	5.92024364E-2
-8.14208388E-3	5.76390810E-2
-7.43910624E-3	5.62595874E-2
-6.78946497E-3	5.40796369E-2
-6.39199838E-3	5.23343198E-2
-5.95782930E-3	5.13828173E-2
-5.58402343E-3	4.94793095E-2
-5.27976826E-3	4.83869985E-2
-4.73260367E-3	4.71654423E-2
-4.18670615E-3	4.52964120E-2
-3.87011096E-3	4.37796675E-2
-3.44798155E-3	4.28208522E-2
-2.96188961E-3	4.09315899E-2
-2.59595457E-3	3.89098041E-2
-1.96969649E-3	3.73905860E-2
-1.24370039E-3	3.44539843E-2
-8.16686545E-4	3.20330709E-2
-3.05182301E-4	3.06814890E-2
-2.10638336E-5	2.94339750E-2
1.29701084E-5	2.93186326E-2
1.24042244E-5	2.92835496E-2
1.29638893E-5	2.92367134E-2
1.31300931E-5	2.91963536E-2
1.34534548E-5	2.91793067E-2
1.38508740E-5	2.91631576E-2
1.40052052E-5	2.91347653E-2
1.43477882E-5	2.91239806E-2
1.43997968E-5	2.91149374E-2
1.44761143E-5	2.91070677E-2
1.47305072E-5	2.91039683E-2
1.49278030E-5	2.90995743E-2
1.50510423E-5	2.90970039E-2
1.53975834E-5	2.90941726E-2
1.55259095E-5	2.90915295E-2
1.55824418E-5	2.90854964E-2
1.54693789E-5	2.90803090E-2
1.54885984E-5	2.90720426E-2
1.56333208E-5	2.90634893E-2
1.56734586E-5	2.90603377E-2
1.57910436E-5	2.90575977E-2
1.57356426E-5	2.90555600E-2
1.58594485E-5	2.90527288E-2
1.59764677E-5	2.90352348E-2
1.61358876E-5	2.90243309E-2
1.63049190E-5	2.90078521E-2
1.64394642E-5	2.89988779E-2
1.64796020E-5	2.89970320E-2
1.65338715E-5	2.89952829E-2
1.66469363E-5	2.89938170E-2
1.66819846E-5	2.89921314E-2
1.68131392E-5	2.89895199E-2
1.67803501E-5	2.89867483E-2
1.67995713E-5	2.89844070E-2
1.67684793E-5	2.89809257E-2
1.68165316E-5	2.89779026E-2
1.74892593E-5	2.89739296E-2
1.80003062E-5	2.89691631E-2
1.86396810E-5	2.89665982E-2
1.88104077E-5	2.89637856E-2
1.88007925E-5	2.89611295E-2
1.88963222E-5	2.89585572E-2
1.88708746E-5	2.89538223E-2
1.91167819E-5	2.89502125E-2
1.90873852E-5	2.89479680E-2
1.91699219E-5	2.89459992E-2
1.90438568E-5	2.89442558E-2
1.89884558E-5	2.89430842E-2
1.89624516E-5	2.89425291E-2
1.89714956E-5	2.89428327E-2
2.09303216E-5	2.89366897E-2
2.11050046E-5	2.89351009E-2
2.14656757E-5	2.89313700E-2
2.20191214E-5	2.89304126E-2
2.07188914E-5	2.89340392E-2
2.07923840E-5	2.89328769E-2
2.07432004E-5	2.89309528E-2
2.05459055E-5	2.89298370E-2
2.05871729E-5	2.89272070E-2
2.06177010E-5	2.89248247E-2
2.06974091E-5	2.89234575E-2
2.07669436E-5	2.89173517E-2
2.07460271E-5	2.89159548E-2
2.07997327E-5	2.89141014E-2
2.07839039E-5	2.89109331E-2
2.07731628E-5	2.89102271E-2
2.08636138E-5	2.89090835E-2
2.07341564E-5	2.89081503E-2
2.08562633E-5	2.89086457E-2
2.08924448E-5	2.89086998E-2
2.07545072E-5	2.89089903E-2
2.08410002E-5	2.89093517E-2
2.06832774E-5	2.89082248E-2
2.06352252E-5	2.89061759E-2
2.05317756E-5	2.89043840E-2
2.04871194E-5	2.89017577E-2
2.04588578E-5	2.88985129E-2
2.05363085E-5	2.88954768E-2
2.07562171E-5	2.88937017E-2
2.07420853E-5	2.88925767E-2
2.08336660E-5	2.88919900E-2
2.07884405E-5	2.88920421E-2
2.07952253E-5	2.88930759E-2
2.08438414E-5	2.88715120E-2
5.45718322E-5	2.88034510E-2
2.03519492E-4	2.81645283E-2
3.47870548E-4	2.71312296E-2
6.74152165E-4	2.62523610E-2
1.00809557E-3	2.47898847E-2
1.22085179E-3	2.35074032E-2
1.54546858E-3	2.27271058E-2
1.84085732E-3	2.15512570E-2
2.04418902E-3	2.04697009E-2
2.37496546E-3	1.97948460E-2
2.58908933E-3	1.90424416E-2
2.82897614E-3	1.76213142E-2
3.22929514E-3	1.69435591E-2
3.62151046E-3	1.62580684E-2
3.89070460E-3	1.51719535E-2
4.29536821E-3	1.49348769E-2
4.68806317E-3	1.42264664E-2
4.97380970E-3	1.35935703E-2
5.28942514E-3	1.31777609E-2
5.76782972E-3	1.25487680E-2
6.19874848E-3	1.20602315E-2
6.61847740E-3	1.17834182E-2
6.84375595E-3	1.14454906E-2
7.17752194E-3	1.11730099E-2
7.40415649E-3	1.10174008E-2
7.73422513E-3	1.07946182E-2
8.06381088E-3	1.06651997E-2
8.29931069E-3	1.05099631E-2
8.56702588E-3	1.04043102E-2
8.96900147E-3	1.03081977E-2
9.27575026E-3	1.03129214E-2
9.78684425E-3	1.04275104E-2
1.02570131E-2	1.06626013E-2
1.05742468E-2	1.12769045E-2
1.10887596E-2	1.19887013E-2
1.17188860E-2	1.44786518E-2
1.21682025E-2	1.75560657E-2
1.26301367E-2	1.98309291E-2
1.32838422E-2	2.34135557E-2
1.36686601E-2	2.54917070E-2
1.43583091E-2	2.90410016E-2
1.51428590E-2	3.17915566E-2
1.56557634E-2	3.56259048E-2
1.64689180E-2	3.80708799E-2
1.69315990E-2	4.04605754E-2
1.75865069E-2	4.45946269E-2
1.80482008E-2	4.64718565E-2
1.86964050E-2	4.83777635E-2
1.92855932E-2	5.19059673E-2
1.96702518E-2	5.35514541E-2
2.02058945E-2	5.53103760E-2
2.07115561E-2	5.79070449E-2
2.10554339E-2	6.03948906E-2
2.15809699E-2	6.22185208E-2
2.21316610E-2	6.49348944E-2
2.25006398E-2	6.74118921E-2
2.30477620E-2	6.91587776E-2
2.35587750E-2	7.16002807E-2
2.39103641E-2	7.32310414E-2
2.44608130E-2	7.49283805E-2
2.48160493E-2	7.76087046E-2
2.51875073E-2	8.02606717E-2
2.58475300E-2	8.30104202E-2
2.64428109E-2	8.46511126E-2
2.68214028E-2	8.74941573E-2
2.73778122E-2	8.81106034E-2
2.78764293E-2	9.10163149E-2
2.82949768E-2	9.26980749E-2
2.89959945E-2	9.43966135E-2
2.96286736E-2	9.69815105E-2
3.00291870E-2	9.90716070E-2
3.05368640E-2	1.00298442E-1
3.09691820E-2	1.02089629E-1
3.12366411E-2	1.03537016E-1
3.16212699E-2	1.04457758E-1
3.19916345E-2	1.05876856E-1
3.22171263E-2	1.07205726E-1
3.25898416E-2	1.08120888E-1
3.29387002E-2	1.09585792E-1
3.31741758E-2	1.10954069E-1
3.35841104E-2	1.11934334E-1
3.40606831E-2	1.13143466E-1
3.43726538E-2	1.14896581E-1
3.49429697E-2	1.16201006E-1
3.55620533E-2	1.22250438E-1
3.59583870E-2	1.22431174E-1
3.65217365E-2	1.22974128E-1
3.70476581E-2	1.23324975E-1
3.74315940E-2	1.25102907E-1
3.77889648E-2	1.26852483E-1
3.83222774E-2	1.28088772E-1
3.86497118E-2	1.29783154E-1
3.90670337E-2	1.31115228E-1
3.95641401E-2	1.32312998E-1
3.99418995E-2	1.34466052E-1
4.05973680E-2	1.36764884E-1
4.12861556E-2	1.38416484E-1
4.17605191E-2	1.41030088E-1
4.24314439E-2	1.43205196E-1
4.30252142E-2	1.44659668E-1
4.34387140E-2	1.47036716E-1
4.41004038E-2	1.50403842E-1
4.49265055E-2	1.51421055E-1
4.55141142E-2	1.54744834E-1
4.65034060E-2	1.58095822E-1
4.75462638E-2	1.60518751E-1
4.81837653E-2	1.64039999E-1
4.91863750E-2	1.67363882E-1
4.97490205E-2	1.69302985E-1
5.05462028E-2	1.72371194E-1
5.11423834E-2	1.76680684E-1
5.21532595E-2	1.77991048E-1
5.32748811E-2	1.82286039E-1
5.40410057E-2	1.86536387E-1
5.52006625E-2	1.89392924E-1
5.61607629E-2	1.93341538E-1
5.68535328E-2	1.97087750E-1
5.75105697E-2	1.99256614E-1
5.83012030E-2	2.02368975E-1
5.88333644E-2	2.05081671E-1
5.95566295E-2	2.06811517E-1
6.03306405E-2	2.10171878E-1
6.09057769E-2	2.13201910E-1
6.16218820E-2	2.14904919E-1
6.21792711E-2	2.16995135E-1
6.23879954E-2	2.17736766E-1
6.24822788E-2	2.17956319E-1
6.25040829E-2	2.18094766E-1
6.24699853E-2	2.18094423E-1
6.25123158E-2	2.18227595E-1
6.25586212E-2	2.18510568E-1
6.26196787E-2	2.18912497E-1
6.27430007E-2	2.19101727E-1
6.27786890E-2	2.19306171E-1
6.28160983E-2	2.19556481E-1
6.28859401E-2	2.19722778E-1
6.28926158E-2	2.19740391E-1
6.28830120E-2	2.19688281E-1
6.28122464E-2	2.19461381E-1
6.26675859E-2	2.18942493E-1
6.25488088E-2	2.18182981E-1
6.24024570E-2	2.17564508E-1
6.22092113E-2	2.17218310E-1
6.21124916E-2	2.16796249E-1
6.20650500E-2	2.16822565E-1
6.21461757E-2	2.17065275E-1
6.22690022E-2	2.17836216E-1
6.23808391E-2	2.19042301E-1
6.30173162E-2	2.20694840E-1
6.34995997E-2	2.23927230E-1
6.45600259E-2	2.28195399E-1
6.53282702E-2	2.30765179E-1
6.64832294E-2	2.35626832E-1
6.78222775E-2	2.41029650E-1
6.87529072E-2	2.44603097E-1
6.99379742E-2	2.49760136E-1
7.10527599E-2	2.52427042E-1
7.14959800E-2	2.53984481E-1
7.20317364E-2	2.57126719E-1
7.32011870E-2	2.60475844E-1
7.34997317E-2	2.63378531E-1
7.48859569E-2	2.69013405E-1
7.60786757E-2	2.73810536E-1
7.68589452E-2	2.76978552E-1
7.82340541E-2	2.82524139E-1
7.94476494E-2	2.87208855E-1
8.01449418E-2	2.90001214E-1
8.13628361E-2	2.95075089E-1
8.23044404E-2	2.98741668E-1
8.30022246E-2	3.01882982E-1
8.42769295E-2	3.07303935E-1
8.58730450E-2	3.12407345E-1
8.62780586E-2	3.15821797E-1
8.73788968E-2	3.20428520E-1
8.82743672E-2	3.24015379E-1
8.88070911E-2	3.26325417E-1
8.96724463E-2	3.29846770E-1
9.04633775E-2	3.33167970E-1
9.09773037E-2	3.35204661E-1
9.16421190E-2	3.37615043E-1
9.21957120E-2	3.39456826E-1
9.27329585E-2	3.42429221E-1
9.36277285E-2	3.44599545E-1
9.49743092E-2	3.48475695E-1
9.53991637E-2	3.53089303E-1
9.67332721E-2	3.56284171E-1
9.80100632E-2	3.60972643E-1
9.88981798E-2	3.65149051E-1
9.99627262E-2	3.67387593E-1
1.00875132E-1	3.70768130E-1
1.01480164E-1	3.73772442E-1
1.02280147E-1	3.75614882E-1
1.02989942E-1	3.78320396E-1
1.03455991E-1	3.81137103E-1
1.04316674E-1	3.83297026E-1
1.05272748E-1	3.87033045E-1
1.05971895E-1	3.90962869E-1
1.07127920E-1	3.93909961E-1
1.08332902E-1	3.96821916E-1
1.09007388E-1	4.01113629E-1
1.09700009E-1	4.01729345E-1
1.09970406E-1	4.02814627E-1
1.09919064E-1	4.02755737E-1
1.09820396E-1	4.02664959E-1
1.09706104E-1	4.02395666E-1
1.09665647E-1	4.02634263E-1
1.10058300E-1	4.03691947E-1
1.10951915E-1	4.06792223E-1
1.11583225E-1	4.10002977E-1
1.12432852E-1	4.11836952E-1
1.12658337E-1	4.12708938E-1
1.12599641E-1	4.12480831E-1
1.12500176E-1	4.12330091E-1
1.12571366E-1	4.12926376E-1
1.12808421E-1	4.14399832E-1
1.13323867E-1	4.15640295E-1
1.14012577E-1	4.18107897E-1
1.14456221E-1	4.20253992E-1
1.15147226E-1	4.21846390E-1
1.15965165E-1	4.24931794E-1
1.16540901E-1	4.27972734E-1
1.17519185E-1	4.30163324E-1
1.18210986E-1	4.33966964E-1
1.20852433E-1	4.37423140E-1
1.20978691E-1	4.39585388E-1
1.21218860E-1	4.42513913E-1
1.21570766E-1	4.44940329E-1
1.22233354E-1	4.46450412E-1
1.22889727E-1	4.48799044E-1
1.23366773E-1	4.50922608E-1
1.23943858E-1	4.52211618E-1
1.24492712E-1	4.54185963E-1
1.24788456E-1	4.54937339E-1
1.24769397E-1	4.55004126E-1
1.25014871E-1	4.56285238E-1
1.25349224E-1	4.58433568E-1
1.26437739E-1	4.61193383E-1
1.27944440E-1	4.66319084E-1
1.28732666E-1	4.69694853E-1
1.29668802E-1	4.71672297E-1
1.30489528E-1	4.74293351E-1
1.30863965E-1	4.76499498E-1
1.31736875E-1	4.78446752E-1
1.32541761E-1	4.81397450E-1
1.33110896E-1	4.84156311E-1
1.33918792E-1	4.85807210E-1
1.34756058E-1	4.88523901E-1
1.35241508E-1	4.90481675E-1
1.35838762E-1	4.91685599E-1
1.36390150E-1	4.93529797E-1
1.36725381E-1	4.95103091E-1
1.37317345E-1	4.96403724E-1
1.37873054E-1	4.98406678E-1
1.38317391E-1	5.00371218E-1
1.38992786E-1	5.01749754E-1
1.39702901E-1	5.04089713E-1
1.40276998E-1	5.06332517E-1
1.41123444E-1	5.07886589E-1
1.41910508E-1	5.09890795E-1
1.42321005E-1	5.11647463E-1
1.42778516E-1	5.11979640E-1
1.43164232E-1	5.13032377E-1
1.43426850E-1	5.14095962E-1
1.43906444E-1	5.14906645E-1
1.44299105E-1	5.16209722E-1
1.44908920E-1	5.18202782E-1
1.45220324E-1	5.18608987E-1
1.45594433E-1	5.19624352E-1
1.45818889E-1	5.19918323E-1
1.45808309E-1	5.19854844E-1
1.45733222E-1	5.19675732E-1
1.45636067E-1	5.19280195E-1
1.45541623E-1	5.19304693E-1
1.45665258E-1	5.19742131E-1
1.45837709E-1	5.20495534E-1
1.46161795E-1	5.21045268E-1
1.46329120E-1	5.21476328E-1
1.46354124E-1	5.21589577E-1
1.46330699E-1	5.21584272E-1
1.46212608E-1	5.21460950E-1
1.46256566E-1	5.21877110E-1
1.46679401E-1	5.22615850E-1
1.47334829E-1	5.24199188E-1
1.47944659E-1	5.26813924E-1
1.48828581E-1	5.27322829E-1
1.49441630E-1	5.28720021E-1
1.50158048E-1	5.30519128E-1
1.50556505E-1	5.30932367E-1
1.51316926E-1	5.32558978E-1
1.52047783E-1	5.33803046E-1
1.52440816E-1	5.34597158E-1
1.53031424E-1	5.35842240E-1
1.53456464E-1	5.37126660E-1
1.54200077E-1	5.38054287E-1
1.55084610E-1	5.39761126E-1
1.55782193E-1	5.41399598E-1
1.56840846E-1	5.42455733E-1
1.57945096E-1	5.44223368E-1
1.59116834E-1	5.45729756E-1
1.59693062E-1	5.46532750E-1
1.60676032E-1	5.47890067E-1
1.61330462E-1	5.48835397E-1
1.62149921E-1	5.49455822E-1
1.63046598E-1	5.50492287E-1
1.63896367E-1	5.51375985E-1
1.64396822E-1	5.51928759E-1
1.65183127E-1	5.52852750E-1
1.65805206E-1	5.53732336E-1
1.66564956E-1	5.54206014E-1
1.67403206E-1	5.55041373E-1
1.67974457E-1	5.55702150E-1
1.68769643E-1	5.56121409E-1
1.69623569E-1	5.56834519E-1
1.70184463E-1	5.57548523E-1
1.71201482E-1	5.58052897E-1
1.72252804E-1	5.58908284E-1
1.73109636E-1	5.59785068E-1
1.74310297E-1	5.60274005E-1
1.75498456E-1	5.60986400E-1
1.76256821E-1	5.61487019E-1
1.77312866E-1	5.61772048E-1
1.78379491E-1	5.62270939E-1
1.79227948E-1	5.62776387E-1
1.80418238E-1	5.63089132E-1
1.81321919E-1	5.63454866E-1
1.81729347E-1	5.63647270E-1
1.82162747E-1	5.63766003E-1
1.82679743E-1	5.63972414E-1
1.82923928E-1	5.64136446E-1
1.83171943E-1	5.64220428E-1
1.83105692E-1	5.64240038E-1
1.82977170E-1	5.64253807E-1
1.83034629E-1	5.64285815E-1
1.83090642E-1	5.64307094E-1
1.83167323E-1	5.64352512E-1
1.83268160E-1	5.64369440E-1
1.83347419E-1	5.64410686E-1
1.83405340E-1	5.64425111E-1
1.83522567E-1	5.64444125E-1
1.83715120E-1	5.64545035E-1
1.83923081E-1	5.64612865E-1
1.84642956E-1	5.64771354E-1
1.85244158E-1	5.64968407E-1
1.85863137E-1	5.65272391E-1
1.86993733E-1	5.65463901E-1
1.87858939E-1	5.65716088E-1
1.88742071E-1	5.66021383E-1
1.89788595E-1	5.66087902E-1
1.91048428E-1	5.66358268E-1
1.91982284E-1	5.66691935E-1
1.93239838E-1	5.66769361E-1
1.94311365E-1	5.66973448E-1
1.94901526E-1	5.67126572E-1
1.95727035E-1	5.67232430E-1
1.96635857E-1	5.67417383E-1
1.97652251E-1	5.67608237E-1
1.98719189E-1	5.67724049E-1
1.99472174E-1	5.67947388E-1
2.00291142E-1	5.68095565E-1
2.01529562E-1	5.68190694E-1
2.02745408E-1	5.68332195E-1
2.03452453E-1	5.68421245E-1
2.04451472E-1	5.68520308E-1
2.05251783E-1	5.68669498E-1
2.06149951E-1	5.68807721E-1
2.06853360E-1	5.68901122E-1
2.08092451E-1	5.69040298E-1
2.09047049E-1	5.69175482E-1
2.10429788E-1	5.69256246E-1
2.11355835E-1	5.69348872E-1
2.12073460E-1	5.69434345E-1
2.13310868E-1	5.69490910E-1
2.14699134E-1	5.69594681E-1
2.15593264E-1	5.69720685E-1
2.16550723E-1	5.69746673E-1
2.17017829E-1	5.69824457E-1
2.17344984E-1	5.69902301E-1
2.18031392E-1	5.69921136E-1
2.18806818E-1	5.69971204E-1
2.19535306E-1	5.70036829E-1
2.20749348E-1	5.70088506E-1
2.21867964E-1	5.70171595E-1
2.22758755E-1	5.70263922E-1
2.23983765E-1	5.70314765E-1
2.25108817E-1	5.70375502E-1
2.25643203E-1	5.70415199E-1
2.26132110E-1	5.70416391E-1
2.26028904E-1	5.70415080E-1
2.25851908E-1	5.70420802E-1
2.26033136E-1	5.70432246E-1
2.26240560E-1	5.70450604E-1
2.26525500E-1	5.70473373E-1
2.26776585E-1	5.70485234E-1
2.26774722E-1	5.70495605E-1
2.26786181E-1	5.70501387E-1
2.26812452E-1	5.70504129E-1
2.26826519E-1	5.70505738E-1
2.26820245E-1	5.70506930E-1
2.26825342E-1	5.70508063E-1
2.26855665E-1	5.70507884E-1
2.26853296E-1	5.70505917E-1
2.26693735E-1	5.70504189E-1
2.26491109E-1	5.70497572E-1
2.26345688E-1	5.70496559E-1
2.26187587E-1	5.70498407E-1
2.26128221E-1	5.70500016E-1
2.26085603E-1	5.70503414E-1
2.26200938E-1	5.70510864E-1
2.26742268E-1	5.70535660E-1
2.27312103E-1	5.70579708E-1
2.28887543E-1	5.70611358E-1
2.29668066E-1	5.70655823E-1
2.30419531E-1	5.70693314E-1
2.31730670E-1	5.70719659E-1
2.33108670E-1	5.70759237E-1
2.34471828E-1	5.70791602E-1
2.35360458E-1	5.70808172E-1
2.36550570E-1	5.70835292E-1
2.37336755E-1	5.70858300E-1
2.38530889E-1	5.70875943E-1
2.39701360E-1	5.70900738E-1
2.41100445E-1	5.70925117E-1
2.43210465E-1	5.70939600E-1
2.45182946E-1	5.70957065E-1
2.46524617E-1	5.70980251E-1
2.47690767E-1	5.71003199E-1
2.48809680E-1	5.71019053E-1
2.49629170E-1	5.71028173E-1
2.50594288E-1	5.71035206E-1
2.51513511E-1	5.71034968E-1
2.52127171E-1	5.71033239E-1
2.53057271E-1	5.71035385E-1
2.53958285E-1	5.71038902E-1
2.54602164E-1	5.71044683E-1
2.55513310E-1	5.71044862E-1
2.56407559E-1	5.71039796E-1
2.57010520E-1	5.71021199E-1
2.57891595E-1	5.71007431E-1
2.58635223E-1	5.71002960E-1
2.59104133E-1	5.70997000E-1
2.60202557E-1	5.70992410E-1
2.61556834E-1	5.70988834E-1
2.62678027E-1	5.70987523E-1
2.64426976E-1	5.70985913E-1
2.65543252E-1	5.70985615E-1
2.66370893E-1	5.70975304E-1
2.67074347E-1	5.70953846E-1
2.68051893E-1	5.70934653E-1
2.68779993E-1	5.70911467E-1
2.69654810E-1	5.70895195E-1
2.69806445E-1	5.70896804E-1
2.69775510E-1	5.70905268E-1
2.69629836E-1	5.70918202E-1
2.69574851E-1	5.70930481E-1
2.69531995E-1	5.70933104E-1
2.69620180E-1	5.70927203E-1
2.69744724E-1	5.70925593E-1
2.69761860E-1	5.70923209E-1
2.69723922E-1	5.70923984E-1
2.69636542E-1	5.70925832E-1
2.69566149E-1	5.70929825E-1
2.69440085E-1	5.70936382E-1
2.69381613E-1	5.70939362E-1
2.69461900E-1	5.70947111E-1
2.69678056E-1	5.70950866E-1
2.70464927E-1	5.70949972E-1
2.70697922E-1	5.70942640E-1
2.71412700E-1	5.70932448E-1
2.71710068E-1	5.70926487E-1
2.71709770E-1	5.70923924E-1
2.71521747E-1	5.70923328E-1
2.71240652E-1	5.70923209E-1
2.71183014E-1	5.70924282E-1
2.71091104E-1	5.70927441E-1
2.70870417E-1	5.70930541E-1
2.70717382E-1	5.70934951E-1
2.70078897E-1	5.70943534E-1
2.69117713E-1	5.70949972E-1
2.68332392E-1	5.70966482E-1
2.66577870E-1	5.70984960E-1
2.64308333E-1	5.70997119E-1
2.62674868E-1	5.71014166E-1
2.60377824E-1	5.71028709E-1
2.58745372E-1	5.71036756E-1
2.57966071E-1	5.71045876E-1
2.57627845E-1	5.71050584E-1
2.57441312E-1	5.71051598E-1
2.57338017E-1	5.71055114E-1
2.56951004E-1	5.71060896E-1
2.56553441E-1	5.71063042E-1
2.55996287E-1	5.71070313E-1
2.55216926E-1	5.71075439E-1
2.53914893E-1	5.71080446E-1
2.53343910E-1	5.71090937E-1
2.51108080E-1	5.71101427E-1
2.48937055E-1	5.71108043E-1
2.47551724E-1	5.71116507E-1
2.45459855E-1	5.71116924E-1
2.42675707E-1	5.71115673E-1
2.41044477E-1	5.71111262E-1
2.38628983E-1	5.71103752E-1
2.37092376E-1	5.71099162E-1
2.35672981E-1	5.71087599E-1
2.33760387E-1	5.71076334E-1
2.31684729E-1	5.71066499E-1
2.31226444E-1	5.71050107E-1
2.29940176E-1	5.71037471E-1
2.29340136E-1	5.71026742E-1
2.28077143E-1	5.70997000E-1
2.26585686E-1	5.70946097E-1
2.23644868E-1	5.70899069E-1
2.21449867E-1	5.70812881E-1
2.18179598E-1	5.70731699E-1
2.15792626E-1	5.70682645E-1
2.14658439E-1	5.70632815E-1
2.13819444E-1	5.70614696E-1
2.13380471E-1	5.70607662E-1
2.13307559E-1	5.70599198E-1
2.12651834E-1	5.70562720E-1
2.11296827E-1	5.70516407E-1
2.10841879E-1	5.70465922E-1
2.09062815E-1	5.70338547E-1
2.06400618E-1	5.70301771E-1
2.05642745E-1	5.70143342E-1
2.02912822E-1	5.69869578E-1
1.99987620E-1	5.69676042E-1
1.97783053E-1	5.69337070E-1
1.94331124E-1	5.69002092E-1
1.91546813E-1	5.68785846E-1
1.90008849E-1	5.68480194E-1
1.87765911E-1	5.68118513E-1
1.85563579E-1	5.67816079E-1
1.84052154E-1	5.67306399E-1
1.81735635E-1	5.66875935E-1
1.80010542E-1	5.66493392E-1
1.78732544E-1	5.66035032E-1
1.76539645E-1	5.65098345E-1
1.74456879E-1	5.64594090E-1
1.72682315E-1	5.63999593E-1
1.71108887E-1	5.63073099E-1
1.68696418E-1	5.62599063E-1
1.66508168E-1	5.60331225E-1
1.64135516E-1	5.57756960E-1
1.61220089E-1	5.56258142E-1
1.59633249E-1	5.53321481E-1
1.57714039E-1	5.51225364E-1
1.55855149E-1	5.50358713E-1
1.54349163E-1	5.46144128E-1
1.52226344E-1	5.42292833E-1
1.48378998E-1	5.37959039E-1
1.45930201E-1	5.30338764E-1
1.42265379E-1	5.25120437E-1
1.39031306E-1	5.19931734E-1
1.37232170E-1	5.10910511E-1
1.34590730E-1	5.03914595E-1
1.32699519E-1	5.01352727E-1
1.29772633E-1	4.93561864E-1
1.28290728E-1	4.88485694E-1
1.26956463E-1	4.86157656E-1
1.26441374E-1	4.84063983E-1
1.25844344E-1	4.82544720E-1
1.25300720E-1	4.81499165E-1
1.24841005E-1	4.78063315E-1
1.23823389E-1	4.74282146E-1
1.22098930E-1	4.68736351E-1
1.20094083E-1	4.58706707E-1
1.16884120E-1	4.49572414E-1
1.13171250E-1	4.43613946E-1
1.12426773E-1	4.38858360E-1
1.09387159E-1	4.29064453E-1
1.07677579E-1	4.26144660E-1
1.05769426E-1	4.16604757E-1
1.03257686E-1	4.09635752E-1
9.96629447E-2	4.04470474E-1
9.95544195E-2	4.00727391E-1
9.92480963E-2	3.97999495E-1
9.89471972E-2	3.97065580E-1
9.82708782E-2	3.94243628E-1
9.72884595E-2	3.90885592E-1
9.70340520E-2	3.88997614E-1
9.62372795E-2	3.87114376E-1
9.54070911E-2	3.83349568E-1
9.48568881E-2	3.82215798E-1
9.37321559E-2	3.78299057E-1
9.25981998E-2	3.74416202E-1
9.19067785E-2	3.72102439E-1
9.10864845E-2	3.69538873E-1
9.06327739E-2	3.68204296E-1
9.04869810E-2	3.67810279E-1
9.03930590E-2	3.67514431E-1
9.03542563E-2	3.67404729E-1
9.03455466E-2	3.67372721E-1
9.02411342E-2	3.66018593E-1
8.93413797E-2	3.63853991E-1
8.89381021E-2	3.58604819E-1
8.73951390E-2	3.54092151E-1
8.57398883E-2	3.47643644E-1
8.48213136E-2	3.42824459E-1
8.38070065E-2	3.39232475E-1
8.27020779E-2	3.35734308E-1
8.20447654E-2	3.34436238E-1
8.09852406E-2	3.28506142E-1
8.02749619E-2	3.24095160E-1
7.92212263E-2	3.21256161E-1
7.85642639E-2	3.18426967E-1
7.75681809E-2	3.14485103E-1
7.69810826E-2	3.12215239E-1
7.61964694E-2	3.09206158E-1
7.56888464E-2	3.07361752E-1
7.54815936E-2	3.06468874E-1
7.51844645E-2	3.05238724E-1
7.48883784E-2	3.03913504E-1
7.47942775E-2	3.02874178E-1
7.43497387E-2	3.01452339E-1
7.35306144E-2	2.97841758E-1
7.32923523E-2	2.96804458E-1
7.24370256E-2	2.93129712E-1
7.15442449E-2	2.89453238E-1
7.09177926E-2	2.86855847E-1
6.98479339E-2	2.82522857E-1
6.89391643E-2	2.77967483E-1
6.84190616E-2	2.76079893E-1
6.78274333E-2	2.74421245E-1
6.75505251E-2	2.73585141E-1
6.74328580E-2	2.73320109E-1
6.73733205E-2	2.73217797E-1
6.73604533E-2	2.73163170E-1
6.73550442E-2	2.73131996E-1
6.73493370E-2	2.73101479E-1
6.73458427E-2	2.73071527E-1
6.73441142E-2	2.72563338E-1
6.69650808E-2	2.69876003E-1
6.61242828E-2	2.67222911E-1
6.48578405E-2	2.63794631E-1
6.38849512E-2	2.56130755E-1
6.26263693E-2	2.51553267E-1
6.19058609E-2	2.48799965E-1
6.09079450E-2	2.45128661E-1
6.00371845E-2	2.41588667E-1
5.94632924E-2	2.39126369E-1
5.85569926E-2	2.35627577E-1
5.77230118E-2	2.32186034E-1
5.71457408E-2	2.31061235E-1
5.62812537E-2	2.27644756E-1
5.54570444E-2	2.23271549E-1
5.49079813E-2	2.22201616E-1
5.40532954E-2	2.18745977E-1
5.32070212E-2	2.14473978E-1
5.27077764E-2	2.12864205E-1
5.21797501E-2	2.11449072E-1
5.19626476E-2	2.11148947E-1
5.19298837E-2	2.11077556E-1
5.19502349E-2	2.11120293E-1
5.19455895E-2	2.10859939E-1
5.18652499E-2	2.09946826E-1
5.13572097E-2	2.08263859E-1
5.04088216E-2	2.03040689E-1
4.96813804E-2	2.01616108E-1
4.86094430E-2	1.96443424E-1
4.77396660E-2	1.93635881E-1
4.73070964E-2	1.91919804E-1
4.66615669E-2	1.90301090E-1
4.60968874E-2	1.88113824E-1
4.57809493E-2	1.86966896E-1
4.53040972E-2	1.85121357E-1
4.48592827E-2	1.83407262E-1
4.45507765E-2	1.82240367E-1
4.40548211E-2	1.80320278E-1
4.35415395E-2	1.78277552E-1
4.31628563E-2	1.76839620E-1
4.24811989E-2	1.74184725E-1
4.15067524E-2	1.70533493E-1
4.12535481E-2	1.68428928E-1
4.04039994E-2	1.65643454E-1
3.97000238E-2	1.63042560E-1
3.92339304E-2	1.61254004E-1
3.85168120E-2	1.58806249E-1
3.78738642E-2	1.56230584E-1
3.73903140E-2	1.55278131E-1
3.66121754E-2	1.52524054E-1
3.58776823E-2	1.49863496E-1
3.53677794E-2	1.47226036E-1
3.46227176E-2	1.45519570E-1
3.35557424E-2	1.42586216E-1
3.32800038E-2	1.39570281E-1
3.24213021E-2	1.36710033E-1
3.16562206E-2	1.35054708E-1
3.10516581E-2	1.33169621E-1
3.07641737E-2	1.32244006E-1
3.03330198E-2	1.30806774E-1
3.02418675E-2	1.30073354E-1
2.99194567E-2	1.28874168E-1
2.95631718E-2	1.28053844E-1
2.93274522E-2	1.26801476E-1
2.89520565E-2	1.25616580E-1
2.86201611E-2	1.24419913E-1
2.84018870E-2	1.24042913E-1
2.81288046E-2	1.23122789E-1
2.79570427E-2	1.22614212E-1
2.79240552E-2	1.22522004E-1
2.78726239E-2	1.22411892E-1
2.78664436E-2	1.22389778E-1
2.78127994E-2	1.21946707E-1
2.75911335E-2	1.20276205E-1
2.68737674E-2	1.18212007E-1
2.58428883E-2	1.14611939E-1
2.54508406E-2	1.11993171E-1
2.42544450E-2	1.08496547E-1
2.33354960E-2	1.05730750E-1
2.27879770E-2	1.03924900E-1
2.20363103E-2	9.91436839E-2
2.12638509E-2	9.88043994E-2
2.10857503E-2	9.82505530E-2
2.04688832E-2	9.72255766E-2
1.97396893E-2	9.48920399E-2
1.91826411E-2	9.19396654E-2
1.81943141E-2	8.86003599E-2
1.72352679E-2	8.56109262E-2
1.65941566E-2	8.33646655E-2
1.54563002E-2	8.10959116E-2
1.43770352E-2	7.65917823E-2
1.36964275E-2	7.44622722E-2
1.26604009E-2	7.14536607E-2
1.17815789E-2	6.95849732E-2
1.12201637E-2	6.71129525E-2
1.04211261E-2	6.47268593E-2
9.81527008E-3	6.35987520E-2
9.51979402E-3	6.24856651E-2
9.25627723E-3	6.17990904E-2
9.16952826E-3	6.16507083E-2
9.15454701E-3	6.16093539E-2
9.14414320E-3	6.15845807E-2
9.14036296E-3	6.14323728E-2
9.08937957E-3	6.09747283E-2
8.59253854E-3	5.87868840E-2
7.70968152E-3	5.54794930E-2
6.97027054E-3	5.27183935E-2
5.67610236E-3	4.82982770E-2
4.55243234E-3	4.58109304E-2
3.51748057E-3	4.21838388E-2
2.90995347E-3	3.86519916E-2
1.77407940E-3	3.64911743E-2
1.52903295E-3	3.35778184E-2
7.96803273E-4	3.18156704E-2
2.02565614E-4	3.00799049E-2
1.29898399E-4	2.93243509E-2
2.92422665E-5	2.91283205E-2
2.90483622E-5	2.90974956E-2
2.87334788E-5	2.90694181E-2
2.83230584E-5	2.90488768E-2
2.78775860E-5	2.90339533E-2
2.77571744E-5	2.90264636E-2
2.74021531E-5	2.90136207E-2
2.71336266E-5	2.90060490E-2
2.69482025E-5	2.89947186E-2
2.66853294E-5	2.89880559E-2
2.64789869E-5	2.89810225E-2
2.64049304E-5	2.89758928E-2
2.63212642E-5	2.89710984E-2
2.62980866E-5	2.89653614E-2
2.63127840E-5	2.89627984E-2
2.60849592E-5	2.89565846E-2
2.57418069E-5	2.89496873E-2
2.56089570E-5	2.89438497E-2
2.53975268E-5	2.89346892E-2
2.54133556E-5	2.89288796E-2
2.53099024E-5	2.89254989E-2
2.52369773E-5	2.89221294E-2
2.53353428E-5	2.89180595E-2
2.51810106E-5	2.89156381E-2
2.51742258E-5	2.89132893E-2
2.51911861E-5	2.89063901E-2
2.50379853E-5	2.89024841E-2
2.49430104E-5	2.88957637E-2
2.48372962E-5	2.88892221E-2
2.46756154E-5	2.88856849E-2
2.45495503E-5	2.88827736E-2
2.43109844E-5	2.88803168E-2
2.38598604E-5	2.88782381E-2
2.36003798E-5	2.88750902E-2
2.27563578E-5	2.88719814E-2
2.25782842E-5	2.88683381E-2
2.18184941E-5	2.88654547E-2
2.00874892E-5	2.88573578E-2
1.98167018E-5	2.88549513E-2
1.90218634E-5	2.88528111E-2
2.01406292E-5	2.88531147E-2
2.00094746E-5	2.88473666E-2
2.00852282E-5	2.88439356E-2
2.00060840E-5	2.88332608E-2
2.01615458E-5	2.88244691E-2
2.03017444E-5	2.88168378E-2
2.04362914E-5	2.88141854E-2
2.03825821E-5	2.88141351E-2
2.02892988E-5	2.88142171E-2
2.02457632E-5	2.88146585E-2
2.02988995E-5	2.88136005E-2
2.03028558E-5	2.88121700E-2
2.02689371E-5	2.88114659E-2
2.01926196E-5	2.88106520E-2
2.02955071E-5	2.88103800E-2
2.04034823E-5	2.88108494E-2
2.03887848E-5	2.88118348E-2
2.02898536E-5	2.88118236E-2
2.01750936E-5	2.88125090E-2
2.02174924E-5	2.88119726E-2
2.00835129E-5	2.88112164E-2
2.01179973E-5	2.88088396E-2
2.00999075E-5	2.88046822E-2
2.00371560E-5	2.88018733E-2
2.01140392E-5	2.87973303E-2
2.01790517E-5	2.87909936E-2
2.00298073E-5	2.87811290E-2
2.00665527E-5	2.87650134E-2
-4.93527432E-6	2.86862720E-2
-6.12190852E-5	2.82071326E-2
-2.58781452E-4	2.70861387E-2
-6.26667985E-4	2.60695796E-2
-1.08963111E-3	2.41316892E-2
-1.43524189E-3	2.21323222E-2
-1.81472709E-3	2.08391547E-2
-2.40243156E-3	1.88846551E-2
-3.02351918E-3	1.71558484E-2
-3.72517691E-3	1.61706414E-2
-4.11842251E-3	1.49227250E-2
-4.71206615E-3	1.40360743E-2
-5.28347632E-3	1.35905379E-2
-5.65472431E-3	1.28689073E-2
-6.35541743E-3	1.21240122E-2
-7.18776276E-3	1.16655892E-2
-7.76641676E-3	1.11074261E-2
-8.60587228E-3	1.09877465E-2
-9.46426205E-3	1.12221008E-2
-1.02655934E-2	1.21880528E-2
-1.07921381E-2	1.34561621E-2
-1.13632521E-2	1.62071250E-2
-1.21628884E-2	2.02358831E-2
-1.29971029E-2	2.49487497E-2
-1.38820447E-2	2.80426387E-2
-1.46925207E-2	3.27155069E-2
-1.52456695E-2	3.66795473E-2
-1.60602964E-2	3.91132012E-2
-1.68135595E-2	4.27209251E-2
-1.73115507E-2	4.59762104E-2
-1.80274565E-2	4.80235033E-2
-1.84583198E-2	5.01655303E-2
-1.90712232E-2	5.40832654E-2
-1.96731742E-2	5.59050255E-2
-2.00607851E-2	5.87902591E-2
-2.06421036E-2	6.06595427E-2
-2.13186853E-2	6.37444407E-2
-2.17695981E-2	6.70873523E-2
-2.24238914E-2	7.01978579E-2
-2.28735246E-2	7.21367076E-2
-2.34892014E-2	7.40537122E-2
-2.40650121E-2	7.78160244E-2
-2.47410648E-2	7.98245743E-2
-2.55047623E-2	8.33511278E-2
-2.60371063E-2	8.69367197E-2
-2.66240798E-2	8.92181247E-2
-2.73835100E-2	9.12981555E-2
-2.80391555E-2	9.47963223E-2
-2.84575634E-2	9.62284580E-2
-2.90913973E-2	9.88866612E-2
-2.98612062E-2	1.01764314E-1
-3.07740290E-2	1.03954405E-1
-3.14217769E-2	1.07624158E-1
-3.24075185E-2	1.09965935E-1
-3.30646895E-2	1.13381378E-1
-3.41180339E-2	1.24873288E-1
-3.52459215E-2	1.26089901E-1
-3.66553031E-2	1.28564835E-1
-3.81162763E-2	1.31140485E-1
-3.91046032E-2	1.34548768E-1
-4.06013094E-2	1.40949473E-1
-4.18535769E-2	1.44258559E-1
-4.26445007E-2	1.48452461E-1
-4.36997861E-2	1.51863575E-1
-4.48877513E-2	1.54099271E-1
-4.53184098E-2	1.56312823E-1
-4.57714759E-2	1.57720864E-1
-4.58398052E-2	1.57798707E-1
-4.56612259E-2	1.56573862E-1
-4.53011654E-2	1.54405192E-1
-4.42552082E-2	1.52422488E-1
-4.36338410E-2	1.49045721E-1
-4.25847471E-2	1.45599157E-1
-4.15669084E-2	1.43130958E-1
-4.12100330E-2	1.40523195E-1
-3.99752669E-2	1.36482894E-1
-3.86807807E-2	1.31969288E-1
-3.73171009E-2	1.27321452E-1
-3.63168530E-2	1.22803159E-1
-3.49580310E-2	1.19674459E-1
-3.40419449E-2	1.16371654E-1
-3.24044414E-2	1.09426998E-1
-3.02156080E-2	1.07684143E-1
-2.90342309E-2	9.36953947E-2
-2.77005602E-2	9.16564912E-2
-2.59321537E-2	8.96398127E-2
-2.42857318E-2	8.53999034E-2
-2.32031848E-2	8.10938329E-2
-2.15517022E-2	7.85474479E-2
-2.11629178E-2	7.57648870E-2
-1.98332220E-2	7.05206990E-2
-1.80196967E-2	6.91106841E-2
-1.75247286E-2	6.26470968E-2
-1.53255370E-2	5.75995818E-2
-1.36959227E-2	5.42139374E-2
-1.25525398E-2	4.84393947E-2
-1.06358016E-2	4.27690744E-2
-9.30445082E-3	3.86003740E-2
-7.82269333E-3	3.07636466E-2
-5.27165271E-3	2.25204322E-2
-2.84396741E-3	1.72334537E-2
-1.57433120E-3	1.01995030E-2
-2.98298895E-4	8.30843765E-3
1.66898935E-5	8.14395305E-3
1.19638362E-5	8.11944343E-3
1.34161382E-5	8.07735883E-3
1.42420677E-5	8.05803575E-3
1.46196999E-5	8.03686958E-3
1.51889753E-5	8.02712515E-3
1.57944305E-5	8.01889692E-3
1.60589989E-5	8.01243540E-3
1.62212455E-5	8.01148638E-3
1.64688536E-5	8.00908450E-3
1.65299080E-5	8.00639950E-3
1.67927810E-5	8.00072495E-3
1.69024534E-5	7.99629558E-3
1.69375016E-5	7.99049716E-3
1.71342326E-5	7.98375346E-3
1.72048967E-5	7.98159651E-3
1.72806504E-5	7.97451288E-3
1.80449606E-5	7.96949398E-3
1.84327673E-5	7.96073768E-3
1.88669328E-5	7.95206986E-3
1.96001492E-5	7.94667285E-3
1.97047339E-5	7.94456247E-3
1.98149701E-5	7.93668069E-3
1.97465670E-5	7.93196727E-3
1.96775982E-5	7.92850833E-3
1.97036024E-5	7.92481750E-3
1.98307989E-5	7.92154856E-3
1.98952457E-5	7.91649614E-3
1.98799826E-5	7.91155454E-3
2.00218765E-5	7.91064743E-3
2.00427930E-5	7.90797360E-3
2.00597533E-5	7.90580828E-3
2.01948642E-5	7.90340267E-3
2.00631457E-5	7.89732765E-3
2.01439852E-5	7.89253227E-3
2.00586219E-5	7.88989570E-3
1.99862625E-5	7.88761768E-3
1.99427323E-5	7.88482744E-3
1.99235110E-5	7.87771214E-3
1.99404712E-5	7.87106529E-3
2.01134590E-5	7.86582753E-3
2.02525262E-5	7.86039792E-3
2.02847496E-5	7.85961095E-3
2.02502652E-5	7.85889197E-3
2.01281564E-5	7.85763469E-3
2.01343755E-5	7.85404630E-3
2.01485072E-5	7.84855708E-3
2.02983174E-5	7.84546975E-3
2.02790961E-5	7.83971418E-3
2.01598141E-5	7.83741288E-3
2.01796011E-5	7.83599261E-3
2.01598141E-5	7.83394743E-3
2.01671628E-5	7.83378817E-3
2.01914718E-5	7.83136953E-3
2.00942377E-5	7.82902818E-3
2.00286613E-5	7.82358181E-3
