# Mess-Beginn: 22.07.2026 13:47:27
# Kei2000	Kei2000
1.65852889E-5	-3.47003434E-3
1.64999256E-5	-3.46999709E-3
1.64931407E-5	-3.46992188E-3
1.64230423E-5	-3.46999476E-3
1.64518733E-5	-3.46999872E-3
1.65106667E-5	-3.47021106E-3
1.65298879E-5	-3.47023527E-3
1.66209029E-5	-3.47015797E-3
1.67232265E-5	-3.47013096E-3
1.66616064E-5	-3.47000035E-3
1.67045710E-5	-3.46996356E-3
1.66802620E-5	-3.46989371E-3
1.65524998E-5	-3.47022456E-3
1.65711554E-5	-3.47011606E-3
1.65948986E-5	-3.47017311E-3
1.65570218E-5	-3.47029138E-3
1.65389338E-5	-3.47019406E-3
1.65084075E-5	-3.47010605E-3
1.64349167E-5	-3.47004109E-3
1.64303947E-5	-3.46991676E-3
1.62834112E-5	-3.46981059E-3
1.61483003E-5	-3.46999476E-3
1.59594838E-5	-3.47007485E-3
1.59402643E-5	-3.47004272E-3
1.58300263E-5	-3.47008114E-3
1.57695376E-5	-3.46996984E-3
1.61454736E-5	-3.46986600E-3
1.59447864E-5	-3.46979941E-3
1.60945947E-5	-3.46994470E-3
1.60007530E-5	-3.46993911E-3
1.60488053E-5	-3.47002316E-3
1.61624339E-5	-3.47008812E-3
1.60397594E-5	-3.46996170E-3
1.59764440E-5	-3.46988416E-3
1.60228010E-5	-3.46990279E-3
1.59278261E-5	-3.46998521E-3
1.59679639E-5	-3.46998591E-3
1.59928386E-5	-3.47018917E-3
1.60561540E-5	-3.47019034E-3
1.61782627E-5	-3.47020454E-3
1.60731142E-5	-3.47030396E-3
1.61285152E-5	-3.47031979E-3
1.60199743E-5	-3.47038987E-3
1.58599887E-5	-3.47042410E-3
1.60081017E-5	-3.47034167E-3
1.60182772E-5	-3.47031001E-3
1.57864979E-5	-3.47016938E-3
1.59606152E-5	-3.46991583E-3
1.59425254E-5	-3.46992142E-3
1.58475523E-5	-3.46977403E-3
1.60832897E-5	-3.46972723E-3
1.60459786E-5	-3.46977753E-3
1.59741812E-5	-3.46984970E-3
1.60623695E-5	-3.46987811E-3
1.59645697E-5	-3.46984062E-3
1.60080981E-5	-3.46992328E-3
1.62020024E-5	-3.46995029E-3
1.61562111E-5	-3.46998195E-3
-1.82751028E-5	-3.46995704E-3
-5.81063505E-5	-3.46994307E-3
-2.22498871E-4	-3.47004225E-3
-3.57910903E-4	-3.46996100E-3
-5.92096010E-4	-3.46998591E-3
-7.11033528E-4	-3.46993050E-3
-8.63202149E-4	-3.46990325E-3
-9.69027635E-4	-3.46990838E-3
-1.11656520E-3	-3.46980314E-3
-1.20544806E-3	-3.46970442E-3
-1.28863822E-3	-3.46972584E-3
-1.36924756E-3	-3.46971350E-3
-1.40726531E-3	-3.46977171E-3
-1.45827467E-3	-3.46980500E-3
-1.52736227E-3	-3.46959196E-3
-1.61548762E-3	-3.46952421E-3
-1.68834312E-3	-3.46937613E-3
-1.75090588E-3	-3.46959266E-3
-1.84887345E-3	-3.46961292E-3
-1.94274075E-3	-3.46967508E-3
-1.98021857E-3	-3.46973771E-3
-2.07215361E-3	-3.46963480E-3
-2.15248764E-3	-3.46978405E-3
-2.18224945E-3	-3.46971513E-3
-2.26109731E-3	-3.46967438E-3
-2.34914757E-3	-3.46964900E-3
-2.40739807E-3	-3.46945878E-3
-2.46802391E-3	-3.46944784E-3
-2.56945589E-3	-3.46937566E-3
-2.66141631E-3	-3.46947787E-3
-2.72963918E-3	-3.46948300E-3
-2.79059494E-3	-3.46947787E-3
-2.86947843E-3	-3.46954283E-3
-2.92756059E-3	-3.46946204E-3
-3.02000064E-3	-3.46965971E-3
-3.10971052E-3	-3.46969301E-3
-3.14040971E-3	-3.46964784E-3
-3.23301135E-3	-3.46961408E-3
-3.32097337E-3	-3.46936029E-3
-3.38054658E-3	-3.46935983E-3
-3.45632946E-3	-3.46926041E-3
-3.56776058E-3	-3.46925855E-3
-3.68667906E-3	-3.46930139E-3
-3.75583442E-3	-3.46940872E-3
-3.85518372E-3	-3.46940593E-3
-3.90170794E-3	-3.46951606E-3
-3.94790247E-3	-3.46949114E-3
-4.04414441E-3	-3.46942060E-3
-4.10395348E-3	-3.46941431E-3
-4.16338444E-3	-3.46916821E-3
-4.26042732E-3	-3.46912467E-3
-4.33276035E-3	-3.46919196E-3
-4.36539110E-3	-3.46912234E-3
-4.42130491E-3	-3.46925785E-3
-4.49499255E-3	-3.46913142E-3
-4.55288915E-3	-3.46908625E-3
-4.61133476E-3	-3.46914446E-3
-4.67240624E-3	-3.46929813E-3
-4.70923912E-3	-3.46928556E-3
-4.71290713E-3	-3.46942525E-3
-4.73950105E-3	-3.46925389E-3
-4.78125829E-3	-3.46904830E-3
-4.80761565E-3	-3.46911955E-3
-4.84809885E-3	-3.46880616E-3
-4.92222933E-3	-3.46886809E-3
-5.02705853E-3	-3.46878287E-3
-5.12729306E-3	-3.46871745E-3
-5.30006317E-3	-3.46879428E-3
-5.47621446E-3	-3.46889533E-3
-5.59453294E-3	-3.46894003E-3
-5.71453664E-3	-3.46895796E-3
-5.86407771E-3	-3.46893095E-3
-5.95149538E-3	-3.46891279E-3
-6.09091157E-3	-3.46897845E-3
-6.17186213E-3	-3.46905692E-3
-6.25881506E-3	-3.46897868E-3
-6.40426157E-3	-3.46890185E-3
-6.50278199E-3	-3.46883247E-3
-6.64827321E-3	-3.46876006E-3
-6.74798619E-3	-3.46876564E-3
-6.88786712E-3	-3.46894702E-3
-7.01511418E-3	-3.46894190E-3
-7.05011934E-3	-3.46887647E-3
-7.15071522E-3	-3.46882897E-3
-7.24684214E-3	-3.46872164E-3
-7.31407851E-3	-3.46862385E-3
-7.43928645E-3	-3.46851931E-3
-7.53271347E-3	-3.46832164E-3
-7.64155947E-3	-3.46833980E-3
-7.78972078E-3	-3.46851535E-3
-7.88393337E-3	-3.46857752E-3
-8.00381415E-3	-3.46859172E-3
-8.07357579E-3	-3.46842455E-3
-8.19213036E-3	-3.46826576E-3
-8.27840902E-3	-3.46821314E-3
-8.36753752E-3	-3.46811372E-3
-8.52426887E-3	-3.46807321E-3
-8.67727026E-3	-3.46806180E-3
-8.72750487E-3	-3.46791488E-3
-8.88092536E-3	-3.46795120E-3
-9.01028514E-3	-3.46809463E-3
-9.09601524E-3	-3.46798683E-3
-9.19001829E-3	-3.46792070E-3
-9.34865512E-3	-3.46776634E-3
-9.57018696E-3	-3.46759916E-3
-9.71550308E-3	-3.46757728E-3
-9.85809695E-3	-3.46759800E-3
-1.00214994E-2	-3.46753094E-3
-1.00849336E-2	-3.46766086E-3
-1.01829609E-2	-3.46762966E-3
-1.02837151E-2	-3.46759474E-3
-1.03288107E-2	-3.46763479E-3
-1.04656080E-2	-3.46755609E-3
-1.06036263E-2	-3.46750929E-3
-1.06948167E-2	-3.46763129E-3
-1.08572524E-2	-3.46742128E-3
-1.10483300E-2	-3.46732629E-3
-1.11805666E-2	-3.46719404E-3
-1.13250781E-2	-3.46710836E-3
-1.15638506E-2	-3.46700661E-3
-1.17298178E-2	-3.46691674E-3
-1.18956771E-2	-3.46670114E-3
-1.21473670E-2	-3.46642942E-3
-1.23445084E-2	-3.46638798E-3
-1.24505693E-2	-3.46628483E-3
-1.26110446E-2	-3.46638076E-3
-1.27043743E-2	-3.46624572E-3
-1.27991103E-2	-3.46635934E-3
-1.29469950E-2	-3.46643827E-3
-1.30338063E-2	-3.46627692E-3
-1.31679429E-2	-3.46632884E-3
-1.32482881E-2	-3.46619496E-3
-1.33536803E-2	-3.46596399E-3
-1.34255672E-2	-3.46599380E-3
-1.34985801E-2	-3.46599147E-3
-1.36348372E-2	-3.46580287E-3
-1.37734059E-2	-3.46580916E-3
-1.38559714E-2	-3.46586271E-3
-1.39463665E-2	-3.46573908E-3
-1.40612936E-2	-3.46575817E-3
-1.41129550E-2	-3.46567808E-3
-1.41051374E-2	-3.46567365E-3
-1.39761716E-2	-3.46568762E-3
-1.37635954E-2	-3.46581475E-3
-1.35481292E-2	-3.46572325E-3
-1.32898223E-2	-3.46579612E-3
-1.29187368E-2	-3.46570276E-3
-1.26835629E-2	-3.46577051E-3
-1.24575337E-2	-3.46579123E-3
-1.24368016E-2	-3.46578890E-3
-1.24499975E-2	-3.46589508E-3
-1.24989757E-2	-3.46584199E-3
-1.25523843E-2	-3.46580870E-3
-1.26359370E-2	-3.46566807E-3
-1.27051212E-2	-3.46546527E-3
-1.34122977E-2	-3.46531952E-3
-1.38892904E-2	-3.46526806E-3
-1.41203450E-2	-3.46539798E-3
-1.42898932E-2	-3.46555561E-3
-1.37506528E-2	-3.46561149E-3
-1.37247518E-2	-3.46557889E-3
-1.31917140E-2	-3.46559007E-3
-1.31321233E-2	-3.46553372E-3
-1.32297156E-2	-3.46528622E-3
-1.34485606E-2	-3.46529693E-3
-1.34879071E-2	-3.46534327E-3
-1.35307740E-2	-3.46529367E-3
-1.35085005E-2	-3.46541451E-3
-1.33742839E-2	-3.46533814E-3
-1.34825511E-2	-3.46520822E-3
-1.35377664E-2	-3.46525013E-3
-1.36017250E-2	-3.46529065E-3
-1.36460103E-2	-3.46537260E-3
-1.37971304E-2	-3.46528785E-3
-1.43317236E-2	-3.46504617E-3
-1.53336925E-2	-3.46492417E-3
-1.59995519E-2	-3.46460566E-3
-1.63973067E-2	-3.46451695E-3
-1.65769979E-2	-3.46465479E-3
-1.62664019E-2	-3.46453954E-3
-1.63685046E-2	-3.46440333E-3
-1.69185661E-2	-3.46421567E-3
-1.79229509E-2	-3.46400728E-3
-1.84901897E-2	-3.46391322E-3
-1.89095680E-2	-3.46403453E-3
-1.87610853E-2	-3.46423499E-3
-1.84254460E-2	-3.46429599E-3
-1.76303796E-2	-3.46435024E-3
-1.75306536E-2	-3.46434629E-3
-1.73706301E-2	-3.46436049E-3
-1.73051413E-2	-3.46433674E-3
-1.74476784E-2	-3.46438028E-3
-1.74289253E-2	-3.46422382E-3
-1.78285819E-2	-3.46394186E-3
-1.87856052E-2	-3.46385594E-3
-1.95207372E-2	-3.46359331E-3
-2.01685373E-2	-3.46362893E-3
-2.05492638E-2	-3.46361939E-3
-2.05712076E-2	-3.46346688E-3
-2.05925144E-2	-3.46361659E-3
-2.06406955E-2	-3.46358330E-3
-2.09016372E-2	-3.46345152E-3
-2.11106222E-2	-3.46355769E-3
-2.13001203E-2	-3.46335606E-3
-2.13003624E-2	-3.46333138E-3
-2.12566461E-2	-3.46346572E-3
-2.11318210E-2	-3.46350693E-3
-2.09767520E-2	-3.46354092E-3
-2.12388244E-2	-3.46335093E-3
-2.13039592E-2	-3.46335606E-3
-2.18906384E-2	-3.46316304E-3
-2.23413035E-2	-3.46325897E-3
-2.23870315E-2	-3.46336910E-3
-2.24432070E-2	-3.46331252E-3
-2.23901141E-2	-3.46328272E-3
-2.24058125E-2	-3.46320705E-3
-2.24017054E-2	-3.46327038E-3
-2.24170350E-2	-3.46307945E-3
-2.25567855E-2	-3.46296071E-3
-2.31599417E-2	-3.46287154E-3
-2.38131434E-2	-3.46274953E-3
-2.41193566E-2	-3.46253323E-3
-2.44259872E-2	-3.46248620E-3
-2.46529467E-2	-3.46233998E-3
-2.48718858E-2	-3.46211623E-3
-2.49690842E-2	-3.46222916E-3
-2.48311199E-2	-3.46219586E-3
-2.46095620E-2	-3.46229295E-3
-2.45155245E-2	-3.46240820E-3
-2.43817475E-2	-3.46249016E-3
-2.42765862E-2	-3.46257887E-3
-2.42643785E-2	-3.46251740E-3
-2.42593307E-2	-3.46234837E-3
-2.43048202E-2	-3.46241449E-3
-2.43999567E-2	-3.46238445E-3
-2.45750174E-2	-3.46245011E-3
-2.48481203E-2	-3.46254837E-3
-2.49485113E-2	-3.46265291E-3
-2.50398722E-2	-3.46250762E-3
-2.54407823E-2	-3.46242916E-3
-2.60254908E-2	-3.46218469E-3
-2.65153982E-2	-3.46186152E-3
-2.76370980E-2	-3.46150389E-3
-2.93192845E-2	-3.46120005E-3
-3.02940439E-2	-3.46088549E-3
-3.15125771E-2	-3.46075953E-3
-3.16290967E-2	-3.46097071E-3
-3.16142142E-2	-3.46088153E-3
-3.15623172E-2	-3.46084428E-3
-3.19381431E-2	-3.46089737E-3
-3.21638025E-2	-3.46068107E-3
-3.23703028E-2	-3.46070807E-3
-3.24767083E-2	-3.46092926E-3
-3.23847495E-2	-3.46089667E-3
-3.23814079E-2	-3.46115953E-3
-3.23991254E-2	-3.46114626E-3
-3.26087177E-2	-3.46075860E-3
-3.26483622E-2	-3.46055813E-3
-3.27251740E-2	-3.46032367E-3
-3.28345485E-2	-3.46027850E-3
-3.28737833E-2	-3.46045429E-3
-3.24521847E-2	-3.46068339E-3
-3.21087837E-2	-3.46096419E-3
-3.19539495E-2	-3.46108410E-3
-3.18255462E-2	-3.46098794E-3
-3.23172063E-2	-3.46079073E-3
-3.26673761E-2	-3.46066151E-3
-3.28889713E-2	-3.46062472E-3
-3.30725275E-2	-3.46064288E-3
-3.31651457E-2	-3.46076768E-3
-3.32473032E-2	-3.46090784E-3
-3.36591639E-2	-3.46083893E-3
-3.43047567E-2	-3.46046267E-3
-3.48175727E-2	-3.46022146E-3
-3.55340242E-2	-3.46009270E-3
-3.58364545E-2	-3.46008013E-3
-3.56941074E-2	-3.46027897E-3
-3.61962058E-2	-3.46011296E-3
-3.66167799E-2	-3.46017862E-3
-3.70947234E-2	-3.46007128E-3
-3.78453806E-2	-3.45982891E-3
-3.81594226E-2	-3.45980679E-3
-3.85375284E-2	-3.45974416E-3
-3.88112552E-2	-3.45965498E-3
-3.91357094E-2	-3.45976790E-3
-3.92737277E-2	-3.45976395E-3
-3.93000953E-2	-3.45968152E-3
-3.93897779E-2	-3.45970364E-3
-3.95503566E-2	-3.45968921E-3
-3.97183150E-2	-3.45961843E-3
-3.99854518E-2	-3.45959608E-3
-4.00271527E-2	-3.45947105E-3
-4.00425531E-2	-3.45936930E-3
-3.98829468E-2	-3.45934276E-3
-3.97337526E-2	-3.45940562E-3
-3.96349281E-2	-3.45958001E-3
-3.94526646E-2	-3.45982076E-3
-3.91727611E-2	-3.46000772E-3
-3.89673784E-2	-3.45980818E-3
-3.89210358E-2	-3.45975347E-3
-3.88070829E-2	-3.45968013E-3
-3.87037992E-2	-3.45962192E-3
-3.86825800E-2	-3.45967035E-3
-3.86643745E-2	-3.45970271E-3
-3.88899073E-2	-3.45970597E-3
-3.89795676E-2	-3.45979305E-3
-3.91922370E-2	-3.45978234E-3
-3.93354855E-2	-3.45965452E-3
-3.94685529E-2	-3.45958746E-3
-3.95759195E-2	-3.45905242E-3
-4.17014994E-2	-3.45862424E-3
-4.41565365E-2	-3.45834647E-3
-4.56931256E-2	-3.45802284E-3
-4.72791567E-2	-3.45795043E-3
-4.78422530E-2	-3.45804705E-3
-4.79797311E-2	-3.45802493E-3
-4.82239462E-2	-3.45784542E-3
-4.86430191E-2	-3.45785217E-3
-4.88161258E-2	-3.45788663E-3
-4.90399338E-2	-3.45781771E-3
-4.93458509E-2	-3.45785846E-3
-4.94120568E-2	-3.45793460E-3
-4.97024283E-2	-3.45800747E-3
-4.99065481E-2	-3.45797511E-3
-5.00296503E-2	-3.45784402E-3
-5.01952618E-2	-3.45781934E-3
-5.02965078E-2	-3.45774251E-3
-5.04160598E-2	-3.45767708E-3
-5.05436920E-2	-3.45776579E-3
-5.06668091E-2	-3.45767150E-3
-5.08968644E-2	-3.45761538E-3
-5.10658398E-2	-3.45744705E-3
-5.13574667E-2	-3.45737371E-3
-5.15779443E-2	-3.45729757E-3
-5.17912656E-2	-3.45735461E-3
-5.19512594E-2	-3.45725240E-3
-5.21489494E-2	-3.45708407E-3
-5.22107370E-2	-3.45717045E-3
-5.24233542E-2	-3.45700420E-3
-5.27385734E-2	-3.45704379E-3
-5.29279448E-2	-3.45693203E-3
-5.33091053E-2	-3.45689710E-3
-5.37779555E-2	-3.45692411E-3
-5.42366356E-2	-3.45684215E-3
-5.45326658E-2	-3.45672411E-3
-5.47109656E-2	-3.45665589E-3
-5.50022572E-2	-3.45664122E-3
-5.51801473E-2	-3.45656648E-3
-5.55021912E-2	-3.45659931E-3
-5.57792708E-2	-3.45668010E-3
-5.59594855E-2	-3.45639931E-3
-5.61617799E-2	-3.45642422E-3
-5.64107969E-2	-3.45638464E-3
-5.65817282E-2	-3.45655694E-3
-5.69479130E-2	-3.45651619E-3
-5.73488399E-2	-3.45655135E-3
-5.75658157E-2	-3.45637556E-3
-5.77067509E-2	-3.45605821E-3
-5.79664893E-2	-3.45612201E-3
-5.84054403E-2	-3.45611246E-3
-5.87687083E-2	-3.45624401E-3
-5.92671409E-2	-3.45629221E-3
-5.98814972E-2	-3.45620164E-3
-5.99811189E-2	-3.45591363E-3
-6.02866746E-2	-3.45584867E-3
-6.05068728E-2	-3.45576508E-3
-6.05705790E-2	-3.45570128E-3
-6.06084540E-2	-3.45578208E-3
-6.06507771E-2	-3.45567754E-3
-6.06715679E-2	-3.45575553E-3
-6.08701818E-2	-3.45577300E-3
-6.12948388E-2	-3.45579837E-3
-6.15271218E-2	-3.45576159E-3
-6.17740937E-2	-3.45557462E-3
-6.20889179E-2	-3.45544703E-3
-6.22458979E-2	-3.45523073E-3
-6.24686666E-2	-3.45494202E-3
-6.29004985E-2	-3.45495669E-3
-6.33285046E-2	-3.45475739E-3
-6.34615496E-2	-3.45488964E-3
-6.38733506E-2	-3.45490873E-3
-6.41952455E-2	-3.45492573E-3
-6.44140244E-2	-3.45495576E-3
-6.46764934E-2	-3.45485052E-3
-6.49933964E-2	-3.45493760E-3
-6.52009770E-2	-3.45487823E-3
-6.54624552E-2	-3.45493364E-3
-6.57244325E-2	-3.45496763E-3
-6.58952892E-2	-3.45485681E-3
-6.61092401E-2	-3.45497718E-3
-6.64460510E-2	-3.45495273E-3
-6.68342561E-2	-3.45473806E-3
-6.69879317E-2	-3.45469802E-3
-6.75164238E-2	-3.45452852E-3
-6.80234581E-2	-3.45420931E-3
-6.83295354E-2	-3.45428777E-3
-6.87417686E-2	-3.45430942E-3
-6.89591244E-2	-3.45418928E-3
-6.91592917E-2	-3.45420302E-3
-6.94617108E-2	-3.45406402E-3
-6.98042959E-2	-3.45394993E-3
-7.01056570E-2	-3.45392455E-3
-7.04185143E-2	-3.45398835E-3
-7.08848909E-2	-3.45389056E-3
-7.12494776E-2	-3.45400744E-3
-7.14451075E-2	-3.45393526E-3
-7.19306916E-2	-3.45372735E-3
-7.32678026E-2	-3.45345517E-3
-7.37324953E-2	-3.45323537E-3
-7.52945095E-2	-3.45294434E-3
-7.65238702E-2	-3.45303211E-3
-7.66977072E-2	-3.45303817E-3
-7.67696351E-2	-3.45293991E-3
-7.67181069E-2	-3.45288171E-3
-7.66969025E-2	-3.45281907E-3
-7.67602101E-2	-3.45289824E-3
-7.69027248E-2	-3.45294038E-3
-7.69578367E-2	-3.45315062E-3
-7.70013630E-2	-3.45323025E-3
-7.70210475E-2	-3.45312129E-3
-7.71401152E-2	-3.45316809E-3
-7.73655176E-2	-3.45312525E-3
-7.77259618E-2	-3.45289311E-3
-7.80281648E-2	-3.45292967E-3
-7.81968981E-2	-3.45286471E-3
-7.82261565E-2	-3.45288450E-3
-7.82422423E-2	-3.45290988E-3
-7.82284066E-2	-3.45298066E-3
-7.81722963E-2	-3.45296995E-3
-7.81178847E-2	-3.45299649E-3
-7.80325755E-2	-3.45295295E-3
-7.79485181E-2	-3.45289311E-3
-7.79092684E-2	-3.45273479E-3
-7.83025324E-2	-3.45249148E-3
-7.86785483E-2	-3.45253991E-3
-7.90664852E-2	-3.45240394E-3
-7.92522728E-2	-3.45262536E-3
-7.92344809E-2	-3.45283374E-3
-7.91674331E-2	-3.45271337E-3
-7.93534443E-2	-3.45269428E-3
-7.96660855E-2	-3.45265516E-3
-8.01717117E-2	-3.45261744E-3
-8.07313398E-2	-3.45248915E-3
-8.10274035E-2	-3.45242489E-3
-8.12652409E-2	-3.45234224E-3
-8.16265941E-2	-3.45221302E-3
-8.18131492E-2	-3.45224631E-3
-8.21437538E-2	-3.45211360E-3
-8.24648812E-2	-3.45208705E-3
-8.27173516E-2	-3.45203397E-3
-8.31250101E-2	-3.45188426E-3
-8.34099352E-2	-3.45191523E-3
-8.36861059E-2	-3.45175713E-3
-8.41216519E-2	-3.45171872E-3
-8.45595524E-2	-3.45160859E-3
-8.48158300E-2	-3.45155038E-3
-8.52286667E-2	-3.45150963E-3
-8.54506418E-2	-3.45146726E-3
-8.60059336E-2	-3.45142162E-3
-8.63539353E-2	-3.45134526E-3
-8.67120102E-2	-3.45113967E-3
-8.72639045E-2	-3.45110521E-3
-8.74448046E-2	-3.45127238E-3
-8.76646861E-2	-3.45128588E-3
-8.79690051E-2	-3.45129753E-3
-8.81666467E-2	-3.45118600E-3
-8.85000825E-2	-3.45093175E-3
-8.89109671E-2	-3.45073151E-3
-8.92013982E-2	-3.45068355E-3
-8.93384889E-2	-3.45062139E-3
-9.02366638E-2	-3.45063885E-3
-9.09693837E-2	-3.45069706E-3
-9.11662728E-2	-3.45042325E-3
-9.20158476E-2	-3.45051358E-3
-9.22313854E-2	-3.45023512E-3
-9.24257189E-2	-3.45010124E-3
-9.26318839E-2	-3.45008192E-3
-9.28971842E-2	-3.45032779E-3
-9.30766463E-2	-3.45042441E-3
-9.33682695E-2	-3.45031475E-3
-9.37800035E-2	-3.45034082E-3
-9.40087512E-2	-3.45009775E-3
-9.43508819E-2	-3.45018995E-3
-9.48696807E-2	-3.45004140E-3
-9.53946337E-2	-3.44990520E-3
-9.58461538E-2	-3.44987982E-3
-9.65153575E-2	-3.44940089E-3
-9.69949663E-2	-3.44938226E-3
-9.74644050E-2	-3.44925513E-3
-9.80672687E-2	-3.44921718E-3
-9.85726789E-2	-3.44931893E-3
-9.86928195E-2	-3.44924605E-3
-9.90164876E-2	-3.44923139E-3
-9.93646905E-2	-3.44918785E-3
-9.96084884E-2	-3.44922277E-3
-9.97543633E-2	-3.44912685E-3
-9.99809131E-2	-3.44894151E-3
-1.00049838E-1	-3.44889238E-3
-1.00326419E-1	-3.44886654E-3
-1.00917660E-1	-3.44867166E-3
-1.01399660E-1	-3.44857108E-3
-1.02287211E-1	-3.44844116E-3
-1.03196174E-1	-3.44847213E-3
-1.03731431E-1	-3.44851729E-3
-1.04328170E-1	-3.44849937E-3
-1.04773507E-1	-3.44848167E-3
-1.05056725E-1	-3.44848121E-3
-1.05266549E-1	-3.44837387E-3
-1.05849154E-1	-3.44824116E-3
-1.06368989E-1	-3.44824628E-3
-1.06657535E-1	-3.44808027E-3
-1.07034221E-1	-3.44788702E-3
-1.07096620E-1	-3.44789890E-3
-1.07136413E-1	-3.44786211E-3
-1.07344292E-1	-3.44777177E-3
-1.07637271E-1	-3.44786490E-3
-1.08037353E-1	-3.44776781E-3
-1.08829960E-1	-3.44768260E-3
-1.09311126E-1	-3.44749377E-3
-1.10246472E-1	-3.44745256E-3
-1.10719636E-1	-3.44719552E-3
-1.10883936E-1	-3.44713638E-3
-1.11087739E-1	-3.44724464E-3
-1.11083232E-1	-3.44734872E-3
-1.10855319E-1	-3.44737456E-3
-1.11259907E-1	-3.44742439E-3
-1.11676514E-1	-3.44731472E-3
-1.12040915E-1	-3.44732148E-3
-1.13347217E-1	-3.44720692E-3
-1.13716587E-1	-3.44697805E-3
-1.13930196E-1	-3.44686978E-3
-1.14621028E-1	-3.44663020E-3
-1.15020454E-1	-3.44651379E-3
-1.15193382E-1	-3.44635337E-3
-1.15615398E-1	-3.44641716E-3
-1.16023868E-1	-3.44630773E-3
-1.16376653E-1	-3.44631658E-3
-1.16804123E-1	-3.44648026E-3
-1.17525302E-1	-3.44643788E-3
-1.17886871E-1	-3.44637805E-3
-1.18122317E-1	-3.44623509E-3
-1.20169260E-1	-3.44591658E-3
-1.20134480E-1	-3.44572775E-3
-1.19828276E-1	-3.44572542E-3
-1.19491331E-1	-3.44568701E-3
-1.19569167E-1	-3.44572775E-3
-1.19826086E-1	-3.44552845E-3
-1.20192841E-1	-3.44533799E-3
-1.20921329E-1	-3.44541250E-3
-1.21191010E-1	-3.44524323E-3
-1.21663101E-1	-3.44537408E-3
-1.22461356E-1	-3.44513473E-3
-1.23184010E-1	-3.44509399E-3
-1.23586953E-1	-3.44505394E-3
-1.24211952E-1	-3.44505953E-3
-1.24913782E-1	-3.44497827E-3
-1.25424623E-1	-3.44497757E-3
-1.26359910E-1	-3.44468839E-3
-1.27137020E-1	-3.44443601E-3
-1.27697885E-1	-3.44447163E-3
-1.28300622E-1	-3.44427396E-3
-1.28864184E-1	-3.44440434E-3
-1.29200235E-1	-3.44440481E-3
-1.29357070E-1	-3.44433542E-3
-1.29374161E-1	-3.44427396E-3
-1.29745394E-1	-3.44401854E-3
-1.30301699E-1	-3.44382133E-3
-1.31943136E-1	-3.44339199E-3
-1.33589879E-1	-3.44316056E-3
-1.34918988E-1	-3.44308652E-3
-1.35595962E-1	-3.44303297E-3
-1.36390656E-1	-3.44287790E-3
-1.36953771E-1	-3.44262994E-3
-1.37954235E-1	-3.44241876E-3
-1.39006406E-1	-3.44209559E-3
-1.39632419E-1	-3.44204530E-3
-1.40368432E-1	-3.44214425E-3
-1.40750200E-1	-3.44209513E-3
-1.41129315E-1	-3.44222737E-3
-1.41382903E-1	-3.44209047E-3
-1.41925931E-1	-3.44189513E-3
-1.42328933E-1	-3.44169186E-3
-1.43217638E-1	-3.44146416E-3
-1.44481108E-1	-3.44135007E-3
-1.45248920E-1	-3.44120036E-3
-1.46195605E-1	-3.44120874E-3
-1.46601677E-1	-3.44105135E-3
-1.46943212E-1	-3.44102643E-3
-1.47236243E-1	-3.44086089E-3
-1.47913069E-1	-3.44072259E-3
-1.48521140E-1	-3.44075402E-3
-1.48828715E-1	-3.44089814E-3
-1.48949996E-1	-3.44117149E-3
-1.48722962E-1	-3.44118802E-3
-1.48690313E-1	-3.44085973E-3
-1.48982897E-1	-3.44065693E-3
-1.49521187E-1	-3.44041851E-3
-1.50071740E-1	-3.44034680E-3
-1.50899351E-1	-3.44036263E-3
-1.51109979E-1	-3.44051584E-3
-1.51080579E-1	-3.44042759E-3
-1.50994971E-1	-3.44035146E-3
-1.50869265E-1	-3.44040664E-3
-1.50866956E-1	-3.44023667E-3
-1.51164889E-1	-3.44014657E-3
-1.51728347E-1	-3.44020221E-3
-1.52114347E-1	-3.44012375E-3
-1.52707368E-1	-3.44027393E-3
-1.53032884E-1	-3.44019826E-3
-1.53183192E-1	-3.44005832E-3
-1.53576940E-1	-3.44007812E-3
-1.53788805E-1	-3.43983108E-3
-1.54369324E-1	-3.43975099E-3
-1.54657692E-1	-3.43978265E-3
-1.55022070E-1	-3.43967974E-3
-1.55371740E-1	-3.43965879E-3
-1.55377910E-1	-3.43954074E-3
-1.55508026E-1	-3.43960244E-3
-1.55934379E-1	-3.43950815E-3
-1.56388089E-1	-3.43945320E-3
-1.57339871E-1	-3.43936170E-3
-1.58097088E-1	-3.43928440E-3
-1.58492491E-1	-3.43919243E-3
-1.59005016E-1	-3.43903690E-3
-1.59413069E-1	-3.43880430E-3
-1.59938499E-1	-3.43870092E-3
-1.60695404E-1	-3.43858846E-3
-1.61932632E-1	-3.43822688E-3
-1.63023084E-1	-3.43815470E-3
-1.64666086E-1	-3.43804620E-3
-1.66181982E-1	-3.43787065E-3
-1.66626841E-1	-3.43794236E-3
-1.67124927E-1	-3.43785132E-3
-1.68054312E-1	-3.43753677E-3
-1.68753311E-1	-3.43751931E-3
-1.69919908E-1	-3.43725155E-3
-1.71057761E-1	-3.43713397E-3
-1.71515420E-1	-3.43702151E-3
-1.72263220E-1	-3.43684689E-3
-1.72758803E-1	-3.43688624E-3
-1.73228890E-1	-3.43657169E-3
-1.74095705E-1	-3.43635771E-3
-1.74937367E-1	-3.43630672E-3
-1.75457716E-1	-3.43614421E-3
-1.76243886E-1	-3.43607622E-3
-1.77012637E-1	-3.43604246E-3
-1.77483201E-1	-3.43600055E-3
-1.77839309E-1	-3.43611580E-3
-1.77685872E-1	-3.43623175E-3
-1.77311033E-1	-3.43633117E-3
-1.76742941E-1	-3.43624805E-3
-1.76221520E-1	-3.43627902E-3
-1.75912142E-1	-3.43621802E-3
-1.75567195E-1	-3.43627972E-3
-1.75598025E-1	-3.43638309E-3
-1.75711975E-1	-3.43635655E-3
-1.75781712E-1	-3.43635492E-3
-1.75832778E-1	-3.43628088E-3
-1.75669432E-1	-3.43635096E-3
-1.75713614E-1	-3.43637355E-3
-1.76067621E-1	-3.43629089E-3
-1.76440045E-1	-3.43622500E-3
-1.76673248E-1	-3.43602034E-3
-1.76891074E-1	-3.43603059E-3
-1.77126363E-1	-3.43587692E-3
-1.77415520E-1	-3.43592046E-3
-1.77777156E-1	-3.43584083E-3
-1.78322598E-1	-3.43557075E-3
-1.78808182E-1	-3.43550812E-3
-1.79485276E-1	-3.43536586E-3
-1.80380255E-1	-3.43526807E-3
-1.80990592E-1	-3.43529903E-3
-1.81859314E-1	-3.43514793E-3
-1.82727858E-1	-3.43481428E-3
-1.84098974E-1	-3.43449414E-3
-1.86922133E-1	-3.43407271E-3
-1.90343246E-1	-3.43329227E-3
-1.92845508E-1	-3.43310065E-3
-1.95736527E-1	-3.43270251E-3
-1.97817132E-1	-3.43232113E-3
-1.98892251E-1	-3.43209063E-3
-1.99793622E-1	-3.43211391E-3
-2.00046912E-1	-3.43207712E-3
-2.00140730E-1	-3.43210716E-3
-2.00288534E-1	-3.43206758E-3
-2.00170666E-1	-3.43216746E-3
-1.99962974E-1	-3.43222241E-3
-1.99699685E-1	-3.43223079E-3
-1.99471146E-1	-3.43236187E-3
-1.99406520E-1	-3.43226921E-3
-1.99599341E-1	-3.43222008E-3
-1.99701041E-1	-3.43223941E-3
-1.99568868E-1	-3.43234045E-3
-1.99095517E-1	-3.43228853E-3
-1.98739603E-1	-3.43241845E-3
-1.98444828E-1	-3.43252625E-3
-1.98463559E-1	-3.43245897E-3
-1.98537901E-1	-3.43247247E-3
-1.98608935E-1	-3.43231042E-3
-1.98680684E-1	-3.43226641E-3
-1.99117646E-1	-3.43223149E-3
-1.99918002E-1	-3.43226921E-3
-2.00512677E-1	-3.43230809E-3
-2.01087773E-1	-3.43222008E-3
-2.01139912E-1	-3.43210599E-3
-2.01147482E-1	-3.43197049E-3
-2.01165035E-1	-3.43189691E-3
-2.01468885E-1	-3.43194278E-3
-2.01854840E-1	-3.43191600E-3
-2.02246100E-1	-3.43191158E-3
-2.02257201E-1	-3.43205826E-3
-2.02253670E-1	-3.43183451E-3
-2.02424601E-1	-3.43175372E-3
-2.02811956E-1	-3.43164592E-3
-2.03153417E-1	-3.43178585E-3
-2.03506783E-1	-3.43182660E-3
-2.03555852E-1	-3.43164476E-3
-2.03696430E-1	-3.43158306E-3
-2.04241365E-1	-3.43142939E-3
-2.04889491E-1	-3.43145896E-3
-2.05312699E-1	-3.43143963E-3
-2.05681905E-1	-3.43141938E-3
-2.05626994E-1	-3.43127805E-3
-2.05722541E-1	-3.43119283E-3
-2.05846146E-1	-3.43117141E-3
-2.06198335E-1	-3.43100983E-3
-2.06604391E-1	-3.43090971E-3
-2.06863061E-1	-3.43089900E-3
-2.07202017E-1	-3.43083008E-3
-2.07823381E-1	-3.43073183E-3
-2.08126023E-1	-3.43069737E-3
-2.08514795E-1	-3.43053974E-3
-2.08863124E-1	-3.43054277E-3
-2.08849654E-1	-3.43063870E-3
-2.08947003E-1	-3.43067269E-3
-2.09217951E-1	-3.43059865E-3
-2.09508255E-1	-3.43045522E-3
-2.10144147E-1	-3.43043474E-3
-2.10861787E-1	-3.43043194E-3
-2.11197406E-1	-3.43043590E-3
-2.11723715E-1	-3.43039143E-3
-2.12007284E-1	-3.43035464E-3
-2.12209046E-1	-3.43026617E-3
-2.12453887E-1	-3.43022891E-3
-2.12681070E-1	-3.43009387E-3
-2.13059545E-1	-3.42983007E-3
-2.13774279E-1	-3.42979399E-3
-2.14320421E-1	-3.42966686E-3
-2.14649051E-1	-3.42961098E-3
-2.14875415E-1	-3.42963077E-3
-2.15060398E-1	-3.42968199E-3
-2.15157300E-1	-3.42962053E-3
-2.15440974E-1	-3.42962169E-3
-2.15866774E-1	-3.42957862E-3
-2.16111347E-1	-3.42951436E-3
-2.16865644E-1	-3.42950365E-3
-2.16982991E-1	-3.42978723E-3
-2.16442153E-1	-3.42974882E-3
-2.16139257E-1	-3.42981704E-3
-2.15886086E-1	-3.42963077E-3
-2.16400877E-1	-3.42938327E-3
-2.18240499E-1	-3.42914951E-3
-2.19489262E-1	-3.42899864E-3
-2.20139220E-1	-3.42912576E-3
-2.20422432E-1	-3.42893018E-3
-2.20699862E-1	-3.42892413E-3
-2.20987052E-1	-3.42885056E-3
-2.21112907E-1	-3.42881004E-3
-2.21323490E-1	-3.42875626E-3
-2.21244872E-1	-3.42888781E-3
-2.21419379E-1	-3.42873810E-3
-2.21867830E-1	-3.42859258E-3
-2.22288951E-1	-3.42845870E-3
-2.22604558E-1	-3.42838676E-3
-2.22963303E-1	-3.42841330E-3
-2.23071188E-1	-3.42846988E-3
-2.23264217E-1	-3.42850271E-3
-2.23464862E-1	-3.42855463E-3
-2.23366648E-1	-3.42862005E-3
-2.23294392E-1	-3.42855626E-3
-2.23418638E-1	-3.42850946E-3
-2.23643094E-1	-3.42842354E-3
-2.23936707E-1	-3.42830596E-3
-2.24669769E-1	-3.42810270E-3
-2.25500241E-1	-3.42805916E-3
-2.26036012E-1	-3.42782866E-3
-2.26903439E-1	-3.42765357E-3
-2.27929413E-1	-3.42788454E-3
-2.28300169E-1	-3.42772086E-3
-2.28833348E-1	-3.42751062E-3
-2.29297414E-1	-3.42764286E-3
-2.29350105E-1	-3.42750340E-3
-2.29665399E-1	-3.42744403E-3
-2.29873359E-1	-3.42752039E-3
-2.29891434E-1	-3.42730456E-3
-2.30193779E-1	-3.42726102E-3
-2.30197504E-1	-3.42719886E-3
-2.30340630E-1	-3.42703331E-3
-2.30721101E-1	-3.42700863E-3
-2.31228441E-1	-3.42684193E-3
-2.31810465E-1	-3.42673296E-3
-2.32390225E-1	-3.42671759E-3
-2.33021304E-1	-3.42650246E-3
-2.33298093E-1	-3.42661538E-3
-2.33404070E-1	-3.42658092E-3
-2.33819753E-1	-3.42667243E-3
-2.33928099E-1	-3.42660863E-3
-2.33971789E-1	-3.42668663E-3
-2.33971074E-1	-3.42652644E-3
-2.33861968E-1	-3.42648500E-3
-2.33744875E-1	-3.42665776E-3
-2.33709767E-1	-3.42663401E-3
-2.33690932E-1	-3.42659582E-3
-2.33852133E-1	-3.42650898E-3
-2.34522536E-1	-3.42633226E-3
-2.35348567E-1	-3.42621398E-3
-2.36290962E-1	-3.42610222E-3
-2.37416089E-1	-3.42595531E-3
-2.38319099E-1	-3.42591014E-3
-2.38756448E-1	-3.42588197E-3
-2.38886848E-1	-3.42584797E-3
-2.38990933E-1	-3.42581305E-3
-2.39024758E-1	-3.42550920E-3
-2.39588231E-1	-3.42555670E-3
-2.40297541E-1	-3.42546566E-3
-2.40719736E-1	-3.42535204E-3
-2.41398931E-1	-3.42536066E-3
-2.41679251E-1	-3.42519791E-3
-2.41977274E-1	-3.42506566E-3
-2.42552102E-1	-3.42497998E-3
-2.43477866E-1	-3.42493854E-3
-2.44012088E-1	-3.42471898E-3
-2.45098352E-1	-3.42460885E-3
-2.46024176E-1	-3.42442514E-3
-2.46517718E-1	-3.42441048E-3
-2.46852979E-1	-3.42420838E-3
-2.47018740E-1	-3.42401513E-3
-2.47301280E-1	-3.42414784E-3
-2.47845098E-1	-3.42409592E-3
-2.48498395E-1	-3.42404679E-3
-2.48790115E-1	-3.42425168E-3
-2.49249652E-1	-3.42415972E-3
-2.49584585E-1	-3.42404679E-3
-2.50007272E-1	-3.42396786E-3
-2.50322700E-1	-3.42393247E-3
-2.50676811E-1	-3.42388172E-3
-2.50881791E-1	-3.42382188E-3
-2.51526803E-1	-3.42363049E-3
-2.51409173E-1	-3.42378463E-3
-2.50852495E-1	-3.42372828E-3
-2.50656307E-1	-3.42372712E-3
-2.50943035E-1	-3.42366332E-3
-2.51935631E-1	-3.42335040E-3
-2.54020810E-1	-3.42350686E-3
-2.54605800E-1	-3.42334341E-3
-2.55215913E-1	-3.42329731E-3
-2.55569458E-1	-3.42324795E-3
-2.56150752E-1	-3.42287240E-3
-2.57205725E-1	-3.42273968E-3
-2.56796509E-1	-3.42317810E-3
-2.54154533E-1	-3.42348428E-3
-2.51732916E-1	-3.42390616E-3
-2.50223815E-1	-3.42413667E-3
-2.50314772E-1	-3.42384330E-3
-2.51192182E-1	-3.42386891E-3
-2.51599014E-1	-3.42376600E-3
-2.51947850E-1	-3.42362700E-3
-2.52394319E-1	-3.42349662E-3
-2.53232598E-1	-3.42314760E-3
-2.54798293E-1	-3.42287403E-3
-2.56606042E-1	-3.42279789E-3
-2.57557034E-1	-3.42252734E-3
-2.58573204E-1	-3.42245609E-3
-2.58646965E-1	-3.42238205E-3
-2.58633971E-1	-3.42241442E-3
-2.58385569E-1	-3.42283631E-3
-2.58453816E-1	-3.42270476E-3
-2.58871317E-1	-3.42277577E-3
-2.59260416E-1	-3.42254038E-3
-2.59774297E-1	-3.42227821E-3
-2.60111392E-1	-3.42212222E-3
-2.60442138E-1	-3.42195062E-3
-2.60839403E-1	-3.42187216E-3
-2.61399776E-1	-3.42194899E-3
-2.62067646E-1	-3.42196133E-3
-2.62920976E-1	-3.42194038E-3
-2.63517290E-1	-3.42194666E-3
-2.64264941E-1	-3.42158577E-3
-2.65030205E-1	-3.42146307E-3
-2.65580595E-1	-3.42129031E-3
-2.65991747E-1	-3.42115131E-3
-2.66304165E-1	-3.42114782E-3
-2.66700000E-1	-3.42096761E-3
-2.67236024E-1	-3.42094619E-3
-2.67913193E-1	-3.42109939E-3
-2.68585712E-1	-3.42088356E-3
-2.69598097E-1	-3.42069380E-3
-2.71005571E-1	-3.42048705E-3
-2.71842778E-1	-3.42011079E-3
-2.72383124E-1	-3.42008704E-3
-2.73157597E-1	-3.41998041E-3
-2.74190515E-1	-3.41982394E-3
-2.74351001E-1	-3.41996457E-3
-2.73906678E-1	-3.42003466E-3
-2.73355007E-1	-3.42006842E-3
-2.72727907E-1	-3.42032989E-3
-2.73057789E-1	-3.42008937E-3
-2.74302900E-1	-3.41971032E-3
-2.75544077E-1	-3.41952289E-3
-2.77580529E-1	-3.41932965E-3
-2.79198855E-1	-3.41927726E-3
-2.80169874E-1	-3.41910613E-3
-2.80870378E-1	-3.41880973E-3
-2.81447887E-1	-3.41849169E-3
-2.81614125E-1	-3.41847492E-3
-2.81968683E-1	-3.41852009E-3
-2.82364786E-1	-3.41850752E-3
-2.82443404E-1	-3.41855665E-3
-2.82650977E-1	-3.41846864E-3
-2.82686800E-1	-3.41852568E-3
-2.82516122E-1	-3.41855059E-3
-2.82385498E-1	-3.41857923E-3
-2.82051593E-1	-3.41865444E-3
-2.82087535E-1	-3.41821997E-3
-2.82866001E-1	-3.41825048E-3
-2.83765823E-1	-3.41809704E-3
-2.84653276E-1	-3.41797201E-3
-2.85367250E-1	-3.41793592E-3
-2.86190301E-1	-3.41782253E-3
-2.86492795E-1	-3.41771566E-3
-2.87431508E-1	-3.41731752E-3
-2.88972735E-1	-3.41724069E-3
-2.89824516E-1	-3.41702532E-3
-2.91689694E-1	-3.41680110E-3
-2.92907089E-1	-3.41663905E-3
-2.93380082E-1	-3.41649773E-3
-2.94068098E-1	-3.41628538E-3
-2.94691056E-1	-3.41630122E-3
-2.95300692E-1	-3.41641763E-3
-2.95647174E-1	-3.41635663E-3
-2.96474040E-1	-3.41618434E-3
-2.96873242E-1	-3.41614033E-3
-2.97202975E-1	-3.41592450E-3
-2.97513157E-1	-3.41592100E-3
-2.97612280E-1	-3.41606350E-3
-2.97870278E-1	-3.41589632E-3
-2.98556775E-1	-3.41575989E-3
-2.99465865E-1	-3.41564231E-3
-3.00032645E-1	-3.41529213E-3
-3.00702184E-1	-3.41534475E-3
-3.01130295E-1	-3.41528095E-3
-3.01386952E-1	-3.41516617E-3
-3.01823139E-1	-3.41523183E-3
-3.02094281E-1	-3.41515546E-3
-3.02307636E-1	-3.41506395E-3
-3.02523077E-1	-3.41515546E-3
-3.02685916E-1	-3.41509958E-3
-3.02783400E-1	-3.41498270E-3
-3.02926660E-1	-3.41503508E-3
-3.03522736E-1	-3.41484766E-3
-3.04062963E-1	-3.41478828E-3
-3.04765344E-1	-3.41470982E-3
-3.05360794E-1	-3.41465906E-3
-3.05556953E-1	-3.41467257E-3
-3.05981278E-1	-3.41471541E-3
-3.06565255E-1	-3.41454777E-3
-3.06897879E-1	-3.41448211E-3
-3.07367802E-1	-3.41443531E-3
-3.07618707E-1	-3.41441482E-3
-3.07765424E-1	-3.41442786E-3
-3.08062375E-1	-3.41439573E-3
-3.08109224E-1	-3.41422181E-3
-3.08283389E-1	-3.41397035E-3
-3.09045970E-1	-3.41384276E-3
-3.09979379E-1	-3.41371680E-3
-3.10897499E-1	-3.41366208E-3
-3.11681122E-1	-3.41369538E-3
-3.12108576E-1	-3.41368373E-3
-3.12514484E-1	-3.41356057E-3
-3.12641531E-1	-3.41366534E-3
-3.12756211E-1	-3.41358897E-3
-3.12869608E-1	-3.41351912E-3
-3.13174486E-1	-3.41338757E-3
-3.13747823E-1	-3.41334683E-3
-3.14319938E-1	-3.41318129E-3
-3.14903975E-1	-3.41304345E-3
-3.15271467E-1	-3.41298315E-3
-3.15594524E-1	-3.41282878E-3
-3.16478997E-1	-3.41271539E-3
-3.17541182E-1	-3.41244531E-3
-3.18415493E-1	-3.41226393E-3
-3.19497555E-1	-3.41221946E-3
-3.19907337E-1	-3.41217918E-3
-3.20222676E-1	-3.41225602E-3
-3.20451289E-1	-3.41229839E-3
-3.20911050E-1	-3.41229234E-3
-3.21348280E-1	-3.41237080E-3
-3.21892589E-1	-3.41238035E-3
-3.22305828E-1	-3.41226906E-3
-3.22633266E-1	-3.41216917E-3
-3.23188394E-1	-3.41182621E-3
-3.23923916E-1	-3.41149978E-3
-3.24266613E-1	-3.41153075E-3
-3.24552387E-1	-3.41150933E-3
-3.25046748E-1	-3.41152353E-3
-3.25494617E-1	-3.41155403E-3
-3.26107174E-1	-3.41153983E-3
-3.27307373E-1	-3.41125811E-3
-3.28288227E-1	-3.41107394E-3
-3.28752398E-1	-3.41092073E-3
-3.29642773E-1	-3.41071351E-3
-3.30548048E-1	-3.41050141E-3
-3.31241429E-1	-3.41040548E-3
-3.32330972E-1	-3.41031235E-3
-3.33197296E-1	-3.41018336E-3
-3.33497733E-1	-3.41027183E-3
-3.33562493E-1	-3.41010001E-3
-3.33808839E-1	-3.40998592E-3
-3.33961666E-1	-3.40994145E-3
-3.34412068E-1	-3.40965111E-3
-3.35779518E-1	-3.40946624E-3
-3.36766303E-1	-3.40921711E-3
-3.37990969E-1	-3.40927485E-3
-3.38711679E-1	-3.40924365E-3
-3.38952541E-1	-3.40917427E-3
-3.39028418E-1	-3.40927253E-3
-3.39402676E-1	-3.40916007E-3
-3.39570910E-1	-3.40917706E-3
-3.39981794E-1	-3.40911373E-3
-3.40500981E-1	-3.40907881E-3
-3.41612965E-1	-3.40878684E-3
-3.42321306E-1	-3.40860663E-3
-3.43201727E-1	-3.40843876E-3
-3.43799263E-1	-3.40843201E-3
-3.44351709E-1	-3.40828975E-3
-3.45451504E-1	-3.40816146E-3
-3.46831173E-1	-3.40799033E-3
-3.47228706E-1	-3.40789370E-3
-3.48041266E-1	-3.40782641E-3
-3.48270029E-1	-3.40772769E-3
-3.48352790E-1	-3.40768252E-3
-3.48488688E-1	-3.40765878E-3
-3.48505855E-1	-3.40755028E-3
-3.48881304E-1	-3.40749486E-3
-3.49161714E-1	-3.40757915E-3
-3.49594027E-1	-3.40752141E-3
-3.50022405E-1	-3.40756169E-3
-3.50347668E-1	-3.40749719E-3
-3.50788921E-1	-3.40740336E-3
-3.51307392E-1	-3.40738986E-3
-3.51513326E-1	-3.40722036E-3
-3.52038473E-1	-3.40693188E-3
-3.52917582E-1	-3.40677588E-3
-3.53217781E-1	-3.40682385E-3
-3.53501320E-1	-3.40700569E-3
-3.52863967E-1	-3.40712606E-3
-3.52112353E-1	-3.40709952E-3
-3.51306498E-1	-3.40702268E-3
-3.51296723E-1	-3.40679730E-3
-3.51532340E-1	-3.40673816E-3
-3.52338612E-1	-3.40662338E-3
-3.53700101E-1	-3.40651767E-3
-3.54590565E-1	-3.40631721E-3
-3.55261594E-1	-3.40627367E-3
-3.56353074E-1	-3.40644387E-3
-3.56545657E-1	-3.40667134E-3
-3.56484562E-1	-3.40669346E-3
-3.56619209E-1	-3.40658729E-3
-3.56767952E-1	-3.40620265E-3
-3.58290493E-1	-3.40561802E-3
-3.61041993E-1	-3.40534910E-3
-3.62860888E-1	-3.40476050E-3
-3.65862638E-1	-3.40458262E-3
-3.67540747E-1	-3.40449321E-3
-3.68616223E-1	-3.40424990E-3
-3.70120883E-1	-3.40427482E-3
-3.71237308E-1	-3.40407086E-3
-3.71906877E-1	-3.40390019E-3
-3.72643441E-1	-3.40369623E-3
-3.73613268E-1	-3.40353651E-3
-3.74178320E-1	-3.40344105E-3
-3.74694258E-1	-3.40348063E-3
-3.75171393E-1	-3.40341451E-3
-3.75301540E-1	-3.40327574E-3
-3.75860900E-1	-3.40310135E-3
-3.76584172E-1	-3.40306340E-3
-3.76953334E-1	-3.40298144E-3
-3.78514737E-1	-3.40287481E-3
-3.79987121E-1	-3.40271275E-3
-3.81029516E-1	-3.40239867E-3
-3.82472157E-1	-3.40212905E-3
-3.82719725E-1	-3.40206199E-3
-3.82959902E-1	-3.40179703E-3
-3.83905351E-1	-3.40166944E-3
-3.85300487E-1	-3.40157957E-3
-3.86191010E-1	-3.40144453E-3
-3.87355059E-1	-3.40145687E-3
-3.88124168E-1	-3.40138352E-3
-3.88452113E-1	-3.40128643E-3
-3.89173597E-1	-3.40104010E-3
-3.90547365E-1	-3.40073113E-3
-3.91439825E-1	-3.40052717E-3
-3.92793745E-1	-3.40034766E-3
-3.93816888E-1	-3.40035092E-3
-3.94108623E-1	-3.40048433E-3
-3.94257337E-1	-3.40029388E-3
-3.94413829E-1	-3.40026966E-3
-3.94542456E-1	-3.40008992E-3
-3.95190597E-1	-3.39976815E-3
-3.95967871E-1	-3.39970482E-3
-3.96701813E-1	-3.39957769E-3
-3.98147434E-1	-3.39946640E-3
-3.99468839E-1	-3.39926477E-3
-4.00231928E-1	-3.39934393E-3
-4.00964290E-1	-3.39943147E-3
-4.01330799E-1	-3.39899072E-3
-4.01807666E-1	-3.39892111E-3
-4.02644455E-1	-3.39849759E-3
-4.03666168E-1	-3.39834951E-3
-4.04062599E-1	-3.39849526E-3
-4.04258907E-1	-3.39850876E-3
-4.04364914E-1	-3.39861447E-3
-4.04342353E-1	-3.39878839E-3
-4.04536605E-1	-3.39936698E-3
-4.02525485E-1	-3.39948316E-3
-4.00682747E-1	-3.39949457E-3
-3.99592519E-1	-3.39965941E-3
-3.97941798E-1	-3.39914043E-3
-3.99295211E-1	-3.39929806E-3
-3.99690837E-1	-3.39921773E-3
-4.00280029E-1	-3.39897536E-3
-4.01354313E-1	-3.39901098E-3
-4.01853323E-1	-3.39896581E-3
-4.02371317E-1	-3.39892576E-3
-4.03187633E-1	-3.39899515E-3
-4.03802425E-1	-3.39859980E-3
-4.05445397E-1	-3.39808362E-3
-4.06827450E-1	-3.39785987E-3
-4.07459050E-1	-3.39757791E-3
-4.08218026E-1	-3.39741656E-3
-4.09426421E-1	-3.39730619E-3
-4.10194725E-1	-3.39731644E-3
-4.11306798E-1	-3.39721190E-3
-4.12153393E-1	-3.39712156E-3
-4.12575334E-1	-3.39711132E-3
-4.13926840E-1	-3.39697581E-3
-4.15533543E-1	-3.39696859E-3
-4.15843487E-1	-3.39691737E-3
-4.16145772E-1	-3.39684100E-3
-4.15227443E-1	-3.39681841E-3
-4.15003508E-1	-3.39678349E-3
-4.14528698E-1	-3.39682424E-3
-4.15135622E-1	-3.39652551E-3
-4.15700167E-1	-3.39628989E-3
-4.16651994E-1	-3.39605776E-3
-4.17719513E-1	-3.39606102E-3
-4.18523163E-1	-3.39615881E-3
-4.19934273E-1	-3.39608709E-3
-4.21164721E-1	-3.39603797E-3
-4.21834618E-1	-3.39582330E-3
-4.22934860E-1	-3.39554832E-3
-4.24276650E-1	-3.39501048E-3
-4.25375938E-1	-3.39465565E-3
-4.26756471E-1	-3.39445402E-3
-4.27477598E-1	-3.39462468E-3
-4.27601725E-1	-3.39472853E-3
-4.27396864E-1	-3.39475810E-3
-4.27185178E-1	-3.39484960E-3
-4.26898539E-1	-3.39484494E-3
-4.26562339E-1	-3.39484261E-3
-4.26811248E-1	-3.39488499E-3
-4.27381396E-1	-3.39463982E-3
-4.28769678E-1	-3.39444284E-3
-4.30162281E-1	-3.39428755E-3
-4.30962294E-1	-3.39429034E-3
-4.32060063E-1	-3.39404959E-3
-4.33144659E-1	-3.39378580E-3
-4.34010804E-1	-3.39375134E-3
-4.35388356E-1	-3.39327403E-3
-4.36413080E-1	-3.39309964E-3
-4.37021881E-1	-3.39308544E-3
-4.37571049E-1	-3.39298486E-3
-4.37666565E-1	-3.39304516E-3
-4.37735230E-1	-3.39315832E-3
-4.36225384E-1	-3.39360908E-3
-4.33871239E-1	-3.39423842E-3
-4.32263255E-1	-3.39473318E-3
-4.29578543E-1	-3.39509523E-3
-4.28742796E-1	-3.39520536E-3
-4.28440124E-1	-3.39518837E-3
-4.28165287E-1	-3.39509128E-3
-4.28230792E-1	-3.39486147E-3
-4.28327262E-1	-3.39478464E-3
-4.28744256E-1	-3.39459931E-3
-4.29606825E-1	-3.39434855E-3
-4.30249959E-1	-3.39427288E-3
-4.31292325E-1	-3.39411176E-3
-4.32197422E-1	-3.39415763E-3
-4.32626098E-1	-3.39415134E-3
-4.33225930E-1	-3.39398580E-3
-4.33703154E-1	-3.39381699E-3
-4.34091836E-1	-3.39358882E-3
-4.35137272E-1	-3.39349103E-3
-4.36190724E-1	-3.39324144E-3
-4.37299192E-1	-3.39314644E-3
-4.38700974E-1	-3.39279231E-3
-4.39907342E-1	-3.39255156E-3
-4.40453053E-1	-3.39242909E-3
-4.41109419E-1	-3.39234271E-3
-4.41741168E-1	-3.39226983E-3
-4.42115843E-1	-3.39213712E-3
-4.43164557E-1	-3.39206588E-3
-4.44095880E-1	-3.39191686E-3
-4.44791049E-1	-3.39175970E-3
-4.45976824E-1	-3.39168403E-3
-4.46967930E-1	-3.39166913E-3
-4.47693616E-1	-3.39173502E-3
-4.48540181E-1	-3.39179137E-3
-4.49063003E-1	-3.39196017E-3
-4.49481338E-1	-3.39161465E-3
-4.49927121E-1	-3.39148194E-3
-4.50153798E-1	-3.39136436E-3
-4.50464904E-1	-3.39111686E-3
-4.50760633E-1	-3.39109031E-3
-4.51354623E-1	-3.39104910E-3
-4.52431589E-1	-3.39076272E-3
-4.53268498E-1	-3.39077809E-3
-4.54177439E-1	-3.39064747E-3
-4.54764903E-1	-3.39050754E-3
-4.54868197E-1	-3.39043466E-3
-4.54947561E-1	-3.39025771E-3
-4.55129653E-1	-3.39020975E-3
-4.55244482E-1	-3.39035830E-3
-4.55362856E-1	-3.39056947E-3
-4.55416799E-1	-3.39077623E-3
-4.55452591E-1	-3.39058600E-3
-4.55907524E-1	-3.39040346E-3
-4.56741720E-1	-3.39015829E-3
-4.57493693E-1	-3.39008146E-3
-4.58830506E-1	-3.38987936E-3
-4.60118443E-1	-3.38960649E-3
-4.60962504E-1	-3.38934548E-3
-4.62321728E-1	-3.38897831E-3
-4.63750005E-1	-3.38882138E-3
-4.64696914E-1	-3.38887679E-3
-4.65929061E-1	-3.38872476E-3
-4.66672599E-1	-3.38857970E-3
-4.67186719E-1	-3.38848471E-3
-4.67774957E-1	-3.38808307E-3
-4.69830394E-1	-3.38791707E-3
-4.70422268E-1	-3.38782673E-3
-4.72383827E-1	-3.38735548E-3
-4.74101812E-1	-3.38723534E-3
-4.74383205E-1	-3.38706793E-3
-4.75396693E-1	-3.38683650E-3
-4.76878881E-1	-3.38678504E-3
-4.77368295E-1	-3.38665675E-3
-4.78622973E-1	-3.38652357E-3
-4.79678363E-1	-3.38637899E-3
-4.80373621E-1	-3.38610448E-3
-4.81814086E-1	-3.38580436E-3
-4.83263969E-1	-3.38574685E-3
-4.84197199E-1	-3.38571076E-3
-4.85398173E-1	-3.38555430E-3
-4.86224920E-1	-3.38542089E-3
-4.86626118E-1	-3.38566443E-3
-4.86714691E-1	-3.38558806E-3
-4.86540735E-1	-3.38568981E-3
-4.86253142E-1	-3.38563323E-3
-4.86043006E-1	-3.38553730E-3
-4.85971779E-1	-3.38564976E-3
-4.85770583E-1	-3.38570843E-3
-4.86200750E-1	-3.38547118E-3
-4.87421304E-1	-3.38513567E-3
-4.88438338E-1	-3.38479504E-3
-4.90066767E-1	-3.38458666E-3
-4.91038412E-1	-3.38426861E-3
-4.92147565E-1	-3.38408793E-3
-4.92964268E-1	-3.38390144E-3
-4.94604528E-1	-3.38360784E-3
-4.95482624E-1	-3.38341575E-3
-4.96818930E-1	-3.38340155E-3
-4.97446418E-1	-3.38340318E-3
-4.97781217E-1	-3.38330050E-3
-4.98572409E-1	-3.38322693E-3
-4.99462724E-1	-3.38305929E-3
-5.00252247E-1	-3.38301621E-3
-5.01336694E-1	-3.38297221E-3
-5.02167523E-1	-3.38282832E-3
-5.02549291E-1	-3.38268746E-3
-5.02999365E-1	-3.38250748E-3
-5.03233671E-1	-3.38243111E-3
-5.03349662E-1	-3.38232098E-3
-5.03650546E-1	-3.38229490E-3
-5.03925741E-1	-3.38233053E-3
-5.04170597E-1	-3.38237011E-3
-5.04541636E-1	-3.38252657E-3
-5.04743576E-1	-3.38278874E-3
-5.04804850E-1	-3.38298571E-3
-5.04165888E-1	-3.38319317E-3
-5.02791524E-1	-3.38310841E-3
-5.01727700E-1	-3.38298292E-3
-5.00099123E-1	-3.38301226E-3
-4.99067515E-1	-3.38331400E-3
-4.98397738E-1	-3.38380155E-3
-4.97149885E-1	-3.38415173E-3
-4.95554149E-1	-3.38455150E-3
-4.94292587E-1	-3.38486559E-3
-4.92550194E-1	-3.38494708E-3
-4.91055459E-1	-3.38526280E-3
-4.90068197E-1	-3.38548585E-3
-4.89011377E-1	-3.38576664E-3
-4.87324983E-1	-3.38594127E-3
-4.85925883E-1	-3.38609377E-3
-4.85143542E-1	-3.38602439E-3
-4.84017432E-1	-3.38605093E-3
-4.82562155E-1	-3.38630727E-3
-4.81692255E-1	-3.38643137E-3
-4.80361134E-1	-3.38672474E-3
-4.79479164E-1	-3.38688912E-3
-4.78929490E-1	-3.38695128E-3
-4.77990210E-1	-3.38697061E-3
-4.77420360E-1	-3.38721904E-3
-4.76904929E-1	-3.38735688E-3
-4.75837290E-1	-3.38753476E-3
-4.74418342E-1	-3.38785793E-3
-4.73296165E-1	-3.38794896E-3
-4.71596330E-1	-3.38816294E-3
-4.69834566E-1	-3.38851870E-3
-4.68498319E-1	-3.38866119E-3
-4.66397196E-1	-3.38902092E-3
-4.64368075E-1	-3.38940392E-3
-4.63138700E-1	-3.38958763E-3
-4.61764485E-1	-3.38969030E-3
-4.60827857E-1	-3.38984118E-3
-4.60140556E-1	-3.38976481E-3
-4.58712578E-1	-3.39012477E-3
-4.56999749E-1	-3.39040486E-3
-4.55601156E-1	-3.39059229E-3
-4.53596771E-1	-3.39100417E-3
-4.51907068E-1	-3.39143584E-3
-4.50953007E-1	-3.39165423E-3
-4.50386912E-1	-3.39178205E-3
-4.49955910E-1	-3.39170801E-3
-4.49765772E-1	-3.39167286E-3
-4.49060857E-1	-3.39172897E-3
-4.47442830E-1	-3.39196110E-3
-4.46179450E-1	-3.39221745E-3
-4.44540173E-1	-3.39257391E-3
-4.43111748E-1	-3.39273084E-3
-4.42449480E-1	-3.39267217E-3
-4.41455930E-1	-3.39295808E-3
-4.39730585E-1	-3.39330989E-3
-4.38283801E-1	-3.39367031E-3
-4.35975820E-1	-3.39403399E-3
-4.34029758E-1	-3.39417928E-3
-4.32915062E-1	-3.39425611E-3
-4.31207150E-1	-3.39446217E-3
-4.28954512E-1	-3.39502818E-3
-4.27275568E-1	-3.39539303E-3
-4.25070643E-1	-3.39576299E-3
-4.23463047E-1	-3.39605170E-3
-4.22656387E-1	-3.39607894E-3
-4.21064764E-1	-3.39618721E-3
-4.18776095E-1	-3.39661143E-3
-4.17078435E-1	-3.39695718E-3
-4.14613396E-1	-3.39727686E-3
-4.12473440E-1	-3.39760678E-3
-4.11126345E-1	-3.39776720E-3
-4.09246206E-1	-3.39809037E-3
-4.07600969E-1	-3.39832646E-3
-4.06664699E-1	-3.39851622E-3
-4.05813605E-1	-3.39867990E-3
-4.05321419E-1	-3.39862797E-3
-4.05110806E-1	-3.39863147E-3
-4.04930443E-1	-3.39863589E-3
-4.04860318E-1	-3.39867105E-3
-4.04493868E-1	-3.39886919E-3
-4.03541118E-1	-3.39911156E-3
-4.01360214E-1	-3.39961774E-3
-3.99606556E-1	-3.39988037E-3
-3.97152305E-1	-3.40007734E-3
-3.95559996E-1	-3.40034463E-3
-3.94834459E-1	-3.40056419E-3
-3.93246680E-1	-3.40078003E-3
-3.91498059E-1	-3.40121891E-3
-3.90270203E-1	-3.40143917E-3
-3.88273060E-1	-3.40176467E-3
-3.85765523E-1	-3.40212556E-3
-3.83428276E-1	-3.40283941E-3
-3.79396588E-1	-3.40330950E-3
-3.75868738E-1	-3.40389251E-3
-3.74198407E-1	-3.40420194E-3
-3.72331411E-1	-3.40408669E-3
-3.70676666E-1	-3.40433978E-3
-3.69461060E-1	-3.40456073E-3
-3.67794663E-1	-3.40456632E-3
-3.66943479E-1	-3.40479962E-3
-3.66487354E-1	-3.40483058E-3
-3.65957886E-1	-3.40497307E-3
-3.64688426E-1	-3.40538146E-3
-3.63520414E-1	-3.40568298E-3
-3.61560673E-1	-3.40600940E-3
-3.59773844E-1	-3.40618356E-3
-3.58895838E-1	-3.40644154E-3
-3.57659221E-1	-3.40655167E-3
-3.56175482E-1	-3.40688555E-3
-3.55757117E-1	-3.40722781E-3
-3.54361117E-1	-3.40739056E-3
-3.52625072E-1	-3.40770185E-3
-3.51327717E-1	-3.40806553E-3
-3.48988205E-1	-3.40812374E-3
-3.46870065E-1	-3.40860337E-3
-3.45482618E-1	-3.40888114E-3
-3.43396991E-1	-3.40891653E-3
-3.41556281E-1	-3.40931420E-3
-3.40311497E-1	-3.40945064E-3
-3.38357896E-1	-3.40957474E-3
-3.36186111E-1	-3.41010327E-3
-3.34693700E-1	-3.41042923E-3
-3.32856834E-1	-3.41053028E-3
-3.31436545E-1	-3.41065507E-3
-3.31299722E-1	-3.41061386E-3
-3.31135362E-1	-3.41062411E-3
-3.31083089E-1	-3.41074541E-3
-3.31088006E-1	-3.41093587E-3
-3.30922961E-1	-3.41101503E-3
-3.30111802E-1	-3.41133913E-3
-3.29246640E-1	-3.41162994E-3
-3.27110827E-1	-3.41201760E-3
-3.23829234E-1	-3.41261923E-3
-3.21532816E-1	-3.41317384E-3
-3.18091989E-1	-3.41368001E-3
-3.15388799E-1	-3.41383973E-3
-3.13953966E-1	-3.41426511E-3
-3.11741084E-1	-3.41433450E-3
-3.09303552E-1	-3.41500342E-3
-3.07364732E-1	-3.41516663E-3
-3.05039436E-1	-3.41545069E-3
-3.03174466E-1	-3.41563555E-3
-3.02938253E-1	-3.41581390E-3
-3.01773161E-1	-3.41604720E-3
-2.99098581E-1	-3.41633987E-3
-2.97178268E-1	-3.41697480E-3
-2.94018418E-1	-3.41735990E-3
-2.91279197E-1	-3.41790845E-3
-2.90383637E-1	-3.41826375E-3
-2.87483126E-1	-3.41849169E-3
-2.85048395E-1	-3.41883837E-3
-2.83406794E-1	-3.41932080E-3
-2.80860960E-1	-3.41952709E-3
-2.78609604E-1	-3.41985398E-3
-2.77104020E-1	-3.42027983E-3
-2.74476320E-1	-3.42056784E-3
-2.71726370E-1	-3.42109543E-3
-2.70047069E-1	-3.42132477E-3
-2.68045783E-1	-3.42150056E-3
-2.66431719E-1	-3.42189637E-3
-2.65159577E-1	-3.42245679E-3
-2.62147218E-1	-3.42312851E-3
-2.58513957E-1	-3.42347682E-3
-2.56460041E-1	-3.42374737E-3
-2.54235148E-1	-3.42382211E-3
-2.52687842E-1	-3.42398533E-3
-2.51394600E-1	-3.42450035E-3
-2.48738661E-1	-3.42476997E-3
-2.45130479E-1	-3.42529407E-3
-2.44324967E-1	-3.42575787E-3
-2.41863996E-1	-3.42592038E-3
-2.38678321E-1	-3.42621305E-3
-2.37857193E-1	-3.42665706E-3
-2.35448226E-1	-3.42714740E-3
-2.32272089E-1	-3.42800096E-3
-2.29487419E-1	-3.42881982E-3
-2.24732623E-1	-3.42956674E-3
-2.18246058E-1	-3.43008293E-3
-2.15600491E-1	-3.43098212E-3
-2.11947352E-1	-3.43130250E-3
-2.08982900E-1	-3.43160750E-3
-2.07107842E-1	-3.43203731E-3
-2.05135360E-1	-3.43221123E-3
-2.01160163E-1	-3.43278190E-3
-1.98952094E-1	-3.43325175E-3
-1.96212307E-1	-3.43349786E-3
-1.94538251E-1	-3.43372393E-3
-1.94166258E-1	-3.43402056E-3
-1.92380235E-1	-3.43427015E-3
-1.89975142E-1	-3.43471649E-3
-1.88016713E-1	-3.43539310E-3
-1.84272438E-1	-3.43563384E-3
-1.80653915E-1	-3.43629904E-3
-1.78056464E-1	-3.43706505E-3
-1.74017772E-1	-3.43741477E-3
-1.71090975E-1	-3.43791232E-3
-1.69505104E-1	-3.43830325E-3
-1.67267576E-1	-3.43855401E-3
-1.64088652E-1	-3.43902898E-3
-1.63256377E-1	-3.43951932E-3
-1.58728242E-1	-3.43993912E-3
-1.55291513E-1	-3.44090560E-3
-1.52394995E-1	-3.44165065E-3
-1.49308756E-1	-3.44237406E-3
-1.45282537E-1	-3.44280060E-3
-1.42576292E-1	-3.44346091E-3
-1.38545007E-1	-3.44364950E-3
-1.33482367E-1	-3.44431447E-3
-1.31045371E-1	-3.44479131E-3
-1.28930762E-1	-3.44521319E-3
-1.26294836E-1	-3.44546232E-3
-1.24627478E-1	-3.44592100E-3
-1.21805601E-1	-3.44645348E-3
-1.18441463E-1	-3.44664161E-3
-1.17267765E-1	-3.44689749E-3
-1.16486810E-1	-3.44718620E-3
-1.14774272E-1	-3.44742904E-3
-1.14104740E-1	-3.44798714E-3
-1.11175410E-1	-3.44833662E-3
-1.07634574E-1	-3.44895106E-3
-1.04782216E-1	-3.44900531E-3
-1.03126921E-1	-3.44921672E-3
-1.02444462E-1	-3.44945956E-3
-1.02144197E-1	-3.44995200E-3
-9.75021422E-2	-3.45026283E-3
-9.69347283E-2	-3.45058972E-3
-9.61825699E-2	-3.45080788E-3
-9.44682956E-2	-3.45107215E-3
-9.23833549E-2	-3.45131801E-3
-9.09345970E-2	-3.45154223E-3
-8.88216496E-2	-3.45176086E-3
-8.66222009E-2	-3.45220463E-3
-8.51431563E-2	-3.45280231E-3
-8.25528949E-2	-3.45319952E-3
-7.94793218E-2	-3.45356879E-3
-7.87468031E-2	-3.45395016E-3
-7.69209638E-2	-3.45412409E-3
-7.50280842E-2	-3.45458672E-3
-7.33892992E-2	-3.45512060E-3
-7.03367814E-2	-3.45539278E-3
-6.69921860E-2	-3.45605589E-3
-6.50526807E-2	-3.45619721E-3
-6.31107762E-2	-3.45632527E-3
-6.13229685E-2	-3.45658115E-3
-6.08332194E-2	-3.45719070E-3
-5.87825365E-2	-3.45744775E-3
-5.62455580E-2	-3.45792621E-3
-5.47312088E-2	-3.45808035E-3
-5.29885106E-2	-3.45801935E-3
-5.16153537E-2	-3.45828431E-3
-5.07061891E-2	-3.45867686E-3
-4.89883125E-2	-3.45896417E-3
-4.75731120E-2	-3.45925009E-3
-4.66856547E-2	-3.45984823E-3
-4.42696959E-2	-3.46009620E-3
-4.12003361E-2	-3.46079329E-3
-3.84387746E-2	-3.46168969E-3
-3.39842699E-2	-3.46197607E-3
-3.03919204E-2	-3.46238958E-3
-2.83129346E-2	-3.46266129E-3
-2.55360398E-2	-3.46305943E-3
-2.33744252E-2	-3.46347177E-3
-2.20627021E-2	-3.46404850E-3
-2.03527752E-2	-3.46445991E-3
-1.89547092E-2	-3.46477958E-3
-1.80086140E-2	-3.46503267E-3
-1.63824987E-2	-3.46529973E-3
-1.45494789E-2	-3.46585549E-3
-1.33937346E-2	-3.46619566E-3
-1.18899830E-2	-3.46634537E-3
-1.06838951E-2	-3.46660730E-3
-9.73402895E-3	-3.46691813E-3
-7.68673653E-3	-3.46764061E-3
-5.69851231E-3	-3.46808834E-3
-4.43609571E-3	-3.46861780E-3
-2.95892195E-3	-3.46908206E-3
-1.90468389E-3	-3.46932490E-3
-1.22150092E-3	-3.46961641E-3
-4.77260735E-4	-3.46985366E-3
-6.20946594E-5	-3.46982828E-3
-3.52549869E-5	-3.46974400E-3
-1.46383518E-5	-3.46973003E-3
-1.09445546E-5	-3.46971001E-3
-9.28251575E-6	-3.46962805E-3
-7.42261545E-6	-3.46972840E-3
-5.88099147E-6	-3.46977264E-3
-4.96348002E-6	-3.46950209E-3
-3.84528130E-6	-3.46949068E-3
-2.83449344E-6	-3.46952816E-3
-2.24090991E-6	-3.46952910E-3
-1.45794490E-6	-3.46986810E-3
-8.00480450E-7	-3.46991443E-3
-3.92886420E-7	-3.46979871E-3
1.58863614E-7	-3.46974842E-3
6.42775547E-7	-3.46963760E-3
9.87054023E-7	-3.46966367E-3
1.64282244E-6	-3.46963597E-3
2.07020253E-6	-3.46959080E-3
2.32459547E-6	-3.46967159E-3
2.49475625E-6	-3.46958172E-3
2.80059294E-6	-3.46966600E-3
3.56659848E-6	-3.46959522E-3
6.45537193E-6	-3.46941617E-3
9.15193687E-6	-3.46946134E-3
1.08970726E-5	-3.46939079E-3
1.19813521E-5	-3.46964272E-3
1.20661498E-5	-3.46976309E-3
1.20887626E-5	-3.46974726E-3
1.21385101E-5	-3.46980267E-3
1.22018255E-5	-3.46960034E-3
1.21814746E-5	-3.46945692E-3
1.25280139E-5	-3.46929766E-3
1.26427731E-5	-3.46947904E-3
1.27366166E-5	-3.46962572E-3
1.28033234E-5	-3.46955354E-3
1.25856768E-5	-3.46958451E-3
1.26071582E-5	-3.46949813E-3
1.27937137E-5	-3.46935587E-3
1.28915135E-5	-3.46941222E-3
1.30469753E-5	-3.46943992E-3
1.29163873E-5	-3.46952979E-3
1.29401305E-5	-3.46951629E-3
1.29966620E-5	-3.46968463E-3
1.30068383E-5	-3.46971629E-3
1.30514982E-5	-3.46966204E-3
1.30000544E-5	-3.46960267E-3
1.32420100E-5	-3.46973818E-3
1.32680152E-5	-3.46969930E-3
1.33742942E-5	-3.46971629E-3
1.32844089E-5	-3.46985180E-3
1.32787563E-5	-3.46978614E-3
1.33742942E-5	-3.46968742E-3
1.33692065E-5	-3.46993376E-3
1.31696497E-5	-3.46984901E-3
1.30712842E-5	-3.46983713E-3
1.29514365E-5	-3.46978009E-3
1.30040116E-5	-3.46951745E-3
1.31617353E-5	-3.46966018E-3
1.34246075E-5	-3.46966134E-3
1.33731628E-5	-3.46969580E-3
1.34291295E-5	-3.46973143E-3
1.34359134E-5	-3.46950488E-3
1.34065167E-5	-3.46957147E-3
1.34596567E-5	-3.46963434E-3
1.35060127E-5	-3.46969930E-3
1.35636747E-5	-3.46980826E-3
1.37247907E-5	-3.46965506E-3
1.36705203E-5	-3.46965296E-3
1.36609096E-5	-3.46966414E-3
1.34901838E-5	-3.46969906E-3
1.35167538E-5	-3.46981548E-3
1.35597174E-5	-3.46988416E-3
1.35908103E-5	-3.47002945E-3
1.37089610E-5	-3.47011699E-3
1.37366624E-5	-3.47020617E-3
1.37835832E-5	-3.47005203E-3
1.38124142E-5	-3.47000686E-3
1.39277390E-5	-3.46993795E-3
1.40164939E-5	-3.46977171E-3
1.39690073E-5	-3.46965436E-3
1.40781140E-5	-3.46964924E-3
1.40119719E-5	-3.46984970E-3
1.39610929E-5	-3.46982153E-3
1.37954548E-5	-3.46974912E-3
1.37784955E-5	-3.46988998E-3
1.37999778E-5	-3.46993445E-3
1.39475251E-5	-3.47002666E-3
1.40136681E-5	-3.46979266E-3
1.37344005E-5	-3.46972211E-3
1.37626666E-5	-3.46973236E-3
1.38022388E-5	-3.46971583E-3
1.39011700E-5	-3.46970069E-3
1.39362210E-5	-3.46957869E-3
1.38921259E-5	-3.46941547E-3
1.39017375E-5	-3.46942502E-3
1.39808817E-5	-3.46956798E-3
1.40594611E-5	-3.46962898E-3
1.42137924E-5	-3.46959569E-3
2.94168804E-5	-3.46954935E-3
3.45086992E-5	-3.46949045E-3
3.58722427E-5	-3.46951257E-3
2.74959311E-5	-3.46951024E-3
2.22192557E-5	-3.46952444E-3
1.81687556E-5	-3.46972723E-3
1.78069513E-5	-3.46965855E-3
1.77215879E-5	-3.46973538E-3
1.74807628E-5	-3.46987718E-3
1.75062032E-5	-3.46993422E-3
1.73880508E-5	-3.46992165E-3
1.73202134E-5	-3.46990861E-3
1.72964701E-5	-3.46978731E-3
1.73343469E-5	-3.46965622E-3
1.74089673E-5	-3.46962223E-3
1.74276229E-5	-3.46962409E-3
1.74264933E-5	-3.46964831E-3
1.72320233E-5	-3.46979452E-3
4.78275833E-5	-3.46970535E-3
9.87858875E-5	-3.46975285E-3
2.38735927E-4	-3.46969580E-3
4.81550058E-4	-3.46972630E-3
7.05660088E-4	-3.46992398E-3
1.20818510E-3	-3.47008719E-3
1.49797660E-3	-3.47028160E-3
1.78277970E-3	-3.47025157E-3
2.21128995E-3	-3.47032491E-3
2.68558972E-3	-3.47029837E-3
3.03934817E-3	-3.47036961E-3
3.97140160E-3	-3.47073399E-3
4.61601932E-3	-3.47086322E-3
5.01622958E-3	-3.47118406E-3
5.32696815E-3	-3.47134680E-3
5.67835337E-3	-3.47142643E-3
5.96777070E-3	-3.47154238E-3
6.37088390E-3	-3.47166089E-3
6.75062416E-3	-3.47159873E-3
6.97763264E-3	-3.47148534E-3
7.44848046E-3	-3.47164343E-3
7.75186345E-3	-3.47172213E-3
8.27392749E-3	-3.47211747E-3
9.07734316E-3	-3.47246439E-3
1.00881178E-2	-3.47256707E-3
1.08983275E-2	-3.47237405E-3
1.12368092E-2	-3.47231911E-3
1.17752869E-2	-3.47228977E-3
1.17837423E-2	-3.47217522E-3
1.19693466E-2	-3.47221969E-3
1.27900122E-2	-3.47226881E-3
1.33802835E-2	-3.47212306E-3
1.43511454E-2	-3.47197242E-3
1.53671000E-2	-3.47171258E-3
1.59458052E-2	-3.47105833E-3
1.67048164E-2	-3.47019080E-3
1.81807894E-2	-3.46933096E-3
1.92638226E-2	-3.46859731E-3
2.15969644E-2	-3.46713490E-3
2.39961948E-2	-3.46621429E-3
2.52553262E-2	-3.46542452E-3
2.72057876E-2	-3.46467388E-3
2.84365136E-2	-3.46444896E-3
2.90990546E-2	-3.46401799E-3
3.00412551E-2	-3.46380961E-3
3.07474025E-2	-3.46394675E-3
3.17890979E-2	-3.46360239E-3
3.37326191E-2	-3.46332090E-3
3.54435481E-2	-3.46305384E-3
3.62813398E-2	-3.46269575E-3
3.64983864E-2	-3.46276676E-3
3.70093323E-2	-3.46254325E-3
3.72608751E-2	-3.46245081E-3
3.81186195E-2	-3.46222892E-3
3.97954583E-2	-3.46200750E-3
4.11138237E-2	-3.46167898E-3
4.33492921E-2	-3.46106780E-3
4.50920127E-2	-3.46082589E-3
4.62761633E-2	-3.46048246E-3
4.78582382E-2	-3.46038816E-3
4.94338349E-2	-3.46017908E-3
5.05154617E-2	-3.45976977E-3
5.28814904E-2	-3.45929968E-3
5.64943440E-2	-3.45878163E-3
5.74739315E-2	-3.45821911E-3
6.00324012E-2	-3.45777860E-3
6.19851314E-2	-3.45759047E-3
6.32107258E-2	-3.45724938E-3
6.48849085E-2	-3.45706684E-3
6.62926137E-2	-3.45696625E-3
6.72415793E-2	-3.45684541E-3
6.87681288E-2	-3.45647312E-3
7.06424713E-2	-3.45644890E-3
7.16945305E-2	-3.45605519E-3
7.27895573E-2	-3.45588964E-3
7.34492987E-2	-3.45580210E-3
7.39679858E-2	-3.45557160E-3
7.52310827E-2	-3.45524354E-3
7.63780102E-2	-3.45515925E-3
7.69160986E-2	-3.45510617E-3
7.76067004E-2	-3.45491292E-3
7.80570954E-2	-3.45503446E-3
7.85209984E-2	-3.45489732E-3
7.93774575E-2	-3.45458090E-3
8.04657564E-2	-3.45456786E-3
8.18865299E-2	-3.45403119E-3
8.51634145E-2	-3.45365121E-3
8.77779126E-2	-3.45306937E-3
9.16606858E-2	-3.45196505E-3
9.40802395E-2	-3.45138786E-3
9.73655283E-2	-3.45135224E-3
1.00275390E-1	-3.45085049E-3
1.02446742E-1	-3.45014897E-3
1.05445199E-1	-3.45006492E-3
1.08025335E-1	-3.44955642E-3
1.10416770E-1	-3.44864256E-3
1.13409214E-1	-3.44837480E-3
1.16034113E-1	-3.44792916E-3
1.17558084E-1	-3.44757666E-3
1.18235119E-1	-3.44756036E-3
1.18723601E-1	-3.44743254E-3
1.20886296E-1	-3.44749819E-3
1.21580943E-1	-3.44729587E-3
1.22064270E-1	-3.44707398E-3
1.22619890E-1	-3.44677060E-3
1.22684248E-1	-3.44673451E-3
1.22911647E-1	-3.44665092E-3
1.24365084E-1	-3.44663626E-3
1.26426980E-1	-3.44644464E-3
1.27099633E-1	-3.44605674E-3
1.29440337E-1	-3.44571657E-3
1.31886497E-1	-3.44546908E-3
1.33138269E-1	-3.44522460E-3
1.34809911E-1	-3.44500993E-3
1.36761665E-1	-3.44462879E-3
1.38848245E-1	-3.44416616E-3
1.41153023E-1	-3.44380457E-3
1.43219337E-1	-3.44349374E-3
1.43808752E-1	-3.44322738E-3
1.45586312E-1	-3.44260642E-3
1.47177950E-1	-3.44249234E-3
1.48265436E-1	-3.44221131E-3
1.50429234E-1	-3.44198709E-3
1.53088257E-1	-3.44178150E-3
1.56320810E-1	-3.44113982E-3
1.60017535E-1	-3.44036939E-3
1.63345486E-1	-3.43989045E-3
1.65455341E-1	-3.43952491E-3
1.68979108E-1	-3.43888649E-3
1.73069954E-1	-3.43843643E-3
1.75797969E-1	-3.43754957E-3
1.78591520E-1	-3.43692419E-3
1.82660833E-1	-3.43670230E-3
1.83665961E-1	-3.43621941E-3
1.87174618E-1	-3.43590812E-3
1.92074001E-1	-3.43551324E-3
1.93258092E-1	-3.43480776E-3
1.96381196E-1	-3.43394023E-3
1.98709145E-1	-3.43384966E-3
1.99821413E-1	-3.43349110E-3
2.01609269E-1	-3.43324547E-3
2.03625888E-1	-3.43302963E-3
2.04743907E-1	-3.43282288E-3
2.07004681E-1	-3.43267480E-3
2.09513575E-1	-3.43228900E-3
2.11266086E-1	-3.43158469E-3
2.13892236E-1	-3.43123102E-3
2.15317637E-1	-3.43099656E-3
2.17009321E-1	-3.43075953E-3
2.18656167E-1	-3.43056279E-3
2.20074475E-1	-3.43050947E-3
2.21308574E-1	-3.43019632E-3
2.23499343E-1	-3.42985801E-3
2.24941745E-1	-3.42978491E-3
2.27483824E-1	-3.42921494E-3
2.29549125E-1	-3.42888501E-3
2.30843976E-1	-3.42854275E-3
2.32892871E-1	-3.42784612E-3
2.34611794E-1	-3.42743169E-3
2.38472849E-1	-3.42696742E-3
2.39464313E-1	-3.42643354E-3
2.42916390E-1	-3.42631876E-3
2.46824443E-1	-3.42600932E-3
2.48506114E-1	-3.42552643E-3
2.50791311E-1	-3.42541118E-3
2.52888262E-1	-3.42505123E-3
2.54152358E-1	-3.42480955E-3
2.56592035E-1	-3.42427869E-3
2.57947236E-1	-3.42393504E-3
2.59894639E-1	-3.42359114E-3
2.61377364E-1	-3.42332292E-3
2.62955576E-1	-3.42308613E-3
2.64051259E-1	-3.42280837E-3
2.64974713E-1	-3.42262420E-3
2.66224325E-1	-3.42248566E-3
2.66729653E-1	-3.42243328E-3
2.67874718E-1	-3.42235970E-3
2.70909429E-1	-3.42201232E-3
2.71819502E-1	-3.42165492E-3
2.75028080E-1	-3.42123280E-3
2.77865410E-1	-3.42055177E-3
2.80917406E-1	-3.41998856E-3
2.85593212E-1	-3.41952639E-3
2.90401369E-1	-3.41903907E-3
2.93538541E-1	-3.41789285E-3
2.97459483E-1	-3.41749610E-3
2.99109519E-1	-3.41701601E-3
3.01126063E-1	-3.41644604E-3
3.02983582E-1	-3.41613265E-3
3.04180980E-1	-3.41600552E-3
3.06508392E-1	-3.41563788E-3
3.09395045E-1	-3.41519783E-3
3.11445266E-1	-3.41493008E-3
3.15409005E-1	-3.41419340E-3
3.20929378E-1	-3.41323251E-3
3.26279491E-1	-3.41262831E-3
3.30040306E-1	-3.41163343E-3
3.34296644E-1	-3.41100548E-3
3.36866438E-1	-3.41075519E-3
3.40873361E-1	-3.41030443E-3
3.45371276E-1	-3.40945832E-3
3.49981427E-1	-3.40889161E-3
3.53071809E-1	-3.40821338E-3
3.58465463E-1	-3.40731465E-3
3.61906588E-1	-3.40704015E-3
3.66635174E-1	-3.40592116E-3
3.69838059E-1	-3.40515072E-3
3.73661190E-1	-3.40470835E-3
3.77100021E-1	-3.40416213E-3
3.79345924E-1	-3.40357912E-3
3.82185131E-1	-3.40320985E-3
3.84788483E-1	-3.40270041E-3
3.85894060E-1	-3.40255233E-3
3.88411105E-1	-3.40219866E-3
3.91695142E-1	-3.40184220E-3
3.95190328E-1	-3.40122776E-3
3.97834122E-1	-3.40066617E-3
4.00260597E-1	-3.40024405E-3
4.02272522E-1	-3.40003311E-3
4.03479576E-1	-3.39968223E-3
4.04834688E-1	-3.39932460E-3
4.05673057E-1	-3.39924055E-3
4.06491846E-1	-3.39918234E-3
4.07230437E-1	-3.39912018E-3
4.09054995E-1	-3.39896721E-3
4.11726505E-1	-3.39861354E-3
4.13731188E-1	-3.39807523E-3
4.16407675E-1	-3.39771481E-3
4.18146253E-1	-3.39725334E-3
4.19978321E-1	-3.39675578E-3
4.22891438E-1	-3.39627615E-3
4.27381545E-1	-3.39574809E-3
4.29840177E-1	-3.39549896E-3
4.34081167E-1	-3.39488219E-3
4.38062668E-1	-3.39447265E-3
4.41273957E-1	-3.39353154E-3
4.45746332E-1	-3.39289103E-3
4.48562175E-1	-3.39243282E-3
4.51914191E-1	-3.39156413E-3
4.56522524E-1	-3.39108799E-3
4.61756170E-1	-3.39048798E-3
4.67420608E-1	-3.38954479E-3
4.71344441E-1	-3.38868215E-3
4.76941973E-1	-3.38803371E-3
4.82303590E-1	-3.38718318E-3
4.86041814E-1	-3.38615291E-3
4.91476148E-1	-3.38556315E-3
4.95038599E-1	-3.38460226E-3
5.00643790E-1	-3.38417571E-3
5.05769193E-1	-3.38319433E-3
5.10259092E-1	-3.38238082E-3
5.14294624E-1	-3.38208559E-3
5.16615808E-1	-3.38144111E-3
5.19614160E-1	-3.38066672E-3
5.21708488E-1	-3.38046113E-3
5.25496304E-1	-3.38034541E-3
5.27540386E-1	-3.37990187E-3
5.29750228E-1	-3.37919919E-3
5.32808244E-1	-3.37866764E-3
5.34877241E-1	-3.37827345E-3
5.36581099E-1	-3.37809208E-3
5.37761390E-1	-3.37810116E-3
5.38487673E-1	-3.37801478E-3
5.39493263E-1	-3.37788765E-3
5.39865792E-1	-3.37775773E-3
5.40022731E-1	-3.37768928E-3
5.40132105E-1	-3.37788207E-3
5.40157557E-1	-3.37774865E-3
5.40165842E-1	-3.37790232E-3
5.40153086E-1	-3.37764923E-3
5.40128469E-1	-3.37758265E-3
5.40037453E-1	-3.37757193E-3
5.39935887E-1	-3.37766949E-3
5.39875329E-1	-3.37770465E-3
5.40420175E-1	-3.37765156E-3
5.41478336E-1	-3.37769790E-3
5.43445289E-1	-3.37757519E-3
5.45016170E-1	-3.37734655E-3
5.47164142E-1	-3.37683246E-3
5.48412859E-1	-3.37656704E-3
5.49744666E-1	-3.37629928E-3
5.50177515E-1	-3.37605644E-3
5.50563753E-1	-3.37602408E-3
5.50538898E-1	-3.37593094E-3
5.50481021E-1	-3.37598287E-3
5.50482810E-1	-3.37599963E-3
5.50564349E-1	-3.37584387E-3
5.50619900E-1	-3.37577495E-3
5.50621033E-1	-3.37584387E-3
5.50671577E-1	-3.37611721E-3
5.50813735E-1	-3.37614096E-3
5.51009953E-1	-3.37616238E-3
5.51238716E-1	-3.37610696E-3
5.51698267E-1	-3.37586179E-3
5.52132189E-1	-3.37563711E-3
5.52470624E-1	-3.37557029E-3
5.53101540E-1	-3.37562687E-3
5.53889394E-1	-3.37561849E-3
5.54645240E-1	-3.37573374E-3
5.55913329E-1	-3.37563874E-3
5.56685209E-1	-3.37554212E-3
5.57389259E-1	-3.37511860E-3
5.58486581E-1	-3.37496819E-3
5.58819294E-1	-3.37477331E-3
5.59111178E-1	-3.37473047E-3
5.59473097E-1	-3.37455468E-3
5.59748948E-1	-3.37459380E-3
5.60129881E-1	-3.37461568E-3
5.60422003E-1	-3.37454909E-3
5.60631514E-1	-3.37462081E-3
5.60692847E-1	-3.37450556E-3
5.60797274E-1	-3.37444735E-3
5.60779750E-1	-3.37453396E-3
5.60970843E-1	-3.37434583E-3
5.61343491E-1	-3.37434351E-3
5.61751962E-1	-3.37435422E-3
5.62139630E-1	-3.37416749E-3
5.62596619E-1	-3.37422197E-3
5.63052952E-1	-3.37422197E-3
5.63264906E-1	-3.37412953E-3
5.63388169E-1	-3.37418704E-3
5.63440621E-1	-3.37411417E-3
5.63499451E-1	-3.37404083E-3
5.63398540E-1	-3.37400171E-3
5.63242614E-1	-3.37392790E-3
5.63389778E-1	-3.37397307E-3
5.63930809E-1	-3.37385433E-3
5.65068305E-1	-3.37378611E-3
5.66252053E-1	-3.37360636E-3
5.67451537E-1	-3.37330811E-3
5.68151176E-1	-3.37338843E-3
5.68096340E-1	-3.37345060E-3
5.67944407E-1	-3.37351160E-3
5.67625880E-1	-3.37371998E-3
5.67667961E-1	-3.37341987E-3
5.67814887E-1	-3.37340427E-3
5.66987872E-1	-3.37326690E-3
5.65520704E-1	-3.37337144E-3
5.61031699E-1	-3.37382895E-3
5.55905759E-1	-3.37451580E-3
5.52891195E-1	-3.37548228E-3
5.49504578E-1	-3.37610766E-3
5.47454655E-1	-3.37650185E-3
5.46286345E-1	-3.37672047E-3
5.43909252E-1	-3.37710860E-3
5.41923702E-1	-3.37735075E-3
5.39740086E-1	-3.37785017E-3
5.34477293E-1	-3.37835518E-3
5.30529201E-1	-3.37867090E-3
5.28173804E-1	-3.37915332E-3
5.25531292E-1	-3.37974657E-3
5.24210453E-1	-3.37994169E-3
5.23993492E-1	-3.38012190E-3
5.23291171E-1	-3.38024041E-3
5.22256076E-1	-3.38049745E-3
5.20857215E-1	-3.38083738E-3
5.18120646E-1	-3.38138430E-3
5.15490711E-1	-3.38157685E-3
5.13949096E-1	-3.38185811E-3
5.11932671E-1	-3.38227674E-3
5.09531975E-1	-3.38242692E-3
5.08087635E-1	-3.38276313E-3
5.04580975E-1	-3.38316476E-3
4.99881089E-1	-3.38356756E-3
4.96028930E-1	-3.38486256E-3
4.91430938E-1	-3.38565395E-3
4.82862800E-1	-3.38641368E-3
4.79277432E-1	-3.38724512E-3
4.75382030E-1	-3.38766491E-3
4.73736316E-1	-3.38817667E-3
4.69448656E-1	-3.38883977E-3
4.65058625E-1	-3.38948821E-3
4.57435071E-1	-3.39029380E-3
4.49548602E-1	-3.39167099E-3
4.45148349E-1	-3.39265703E-3
4.37449872E-1	-3.39354901E-3
4.35292035E-1	-3.39460699E-3
4.26379353E-1	-3.39551410E-3
4.22912061E-1	-3.39622539E-3
4.18721318E-1	-3.39717534E-3
4.12847728E-1	-3.39783798E-3
4.05992568E-1	-3.39874998E-3
4.00324881E-1	-3.40025430E-3
3.92368704E-1	-3.40144685E-3
3.85598600E-1	-3.40214302E-3
3.81121963E-1	-3.40310344E-3
3.74279529E-1	-3.40385688E-3
3.70289147E-1	-3.40505829E-3
3.67216468E-1	-3.40562034E-3
3.63051146E-1	-3.40605690E-3
3.55908900E-1	-3.40670370E-3
3.51441264E-1	-3.40740639E-3
3.43459874E-1	-3.40926927E-3
3.39057982E-1	-3.41026019E-3
3.35472286E-1	-3.41093563E-3
3.29243362E-1	-3.41202249E-3
3.25798839E-1	-3.41243413E-3
3.24063718E-1	-3.41268838E-3
3.22497666E-1	-3.41294380E-3
3.20578486E-1	-3.41317477E-3
3.18026483E-1	-3.41366627E-3
3.14312518E-1	-3.41423904E-3
3.10818315E-1	-3.41473822E-3
3.09167534E-1	-3.41529399E-3
3.06802511E-1	-3.41559062E-3
3.04331213E-1	-3.41580017E-3
3.01948637E-1	-3.41634708E-3
2.97239363E-1	-3.41691985E-3
2.94252723E-1	-3.41752917E-3
2.89803624E-1	-3.41832615E-3
2.85269886E-1	-3.41881928E-3
2.82316387E-1	-3.41964583E-3
2.79324442E-1	-3.42041836E-3
2.74717063E-1	-3.42093757E-3
2.71274000E-1	-3.42131802E-3
2.69643456E-1	-3.42185237E-3
2.67883837E-1	-3.42221605E-3
2.66256452E-1	-3.42220673E-3
2.64643312E-1	-3.42257135E-3
2.61151195E-1	-3.42319161E-3
2.57332742E-1	-3.42360185E-3
2.55060554E-1	-3.42428684E-3
2.51967460E-1	-3.42461839E-3
2.49841452E-1	-3.42478743E-3
2.46220425E-1	-3.42570245E-3
2.41761699E-1	-3.42645030E-3
2.37563714E-1	-3.42706707E-3
2.35121548E-1	-3.42778629E-3
2.32479587E-1	-3.42792296E-3
2.30789080E-1	-3.42808152E-3
2.27266878E-1	-3.42863868E-3
2.23354787E-1	-3.42925475E-3
2.16321364E-1	-3.43060773E-3
2.11466655E-1	-3.43157351E-3
2.03140557E-1	-3.43273603E-3
1.99937522E-1	-3.43333301E-3
1.95160016E-1	-3.43421753E-3
1.89858779E-1	-3.43502825E-3
1.86425894E-1	-3.43567226E-3
1.82068542E-1	-3.43633466E-3
1.79277450E-1	-3.43660358E-3
1.77104890E-1	-3.43683804E-3
1.75544351E-1	-3.43725830E-3
1.71680897E-1	-3.43814166E-3
1.66876748E-1	-3.43840709E-3
1.63633123E-1	-3.43958777E-3
1.58449173E-1	-3.44017521E-3
1.53950259E-1	-3.44070001E-3
1.50970742E-1	-3.44113726E-3
1.46281913E-1	-3.44196986E-3
1.42309725E-1	-3.44256358E-3
1.40033990E-1	-3.44320480E-3
1.37870416E-1	-3.44359223E-3
1.36130795E-1	-3.44381412E-3
1.34435013E-1	-3.44437850E-3
1.30214319E-1	-3.44502577E-3
1.24545671E-1	-3.44573590E-3
1.20763049E-1	-3.44633288E-3
1.15202174E-1	-3.44762346E-3
1.12290248E-1	-3.44819133E-3
1.08139738E-1	-3.44902789E-3
9.80331898E-2	-3.44952499E-3
9.74431336E-2	-3.45017621E-3
9.66494381E-2	-3.45077203E-3
9.59605128E-2	-3.45094106E-3
9.52762589E-2	-3.45117087E-3
9.40877199E-2	-3.45132104E-3
9.28654522E-2	-3.45157529E-3
9.03297588E-2	-3.45213222E-3
8.75647217E-2	-3.45264003E-3
8.56159404E-2	-3.45285120E-3
8.21514949E-2	-3.45344725E-3
7.85756931E-2	-3.45393643E-3
7.50562102E-2	-3.45491245E-3
7.30910748E-2	-3.45538463E-3
7.03807846E-2	-3.45587172E-3
6.73939884E-2	-3.45633249E-3
6.56025112E-2	-3.45658325E-3
6.33873492E-2	-3.45708663E-3
6.18869215E-2	-3.45718535E-3
6.05491847E-2	-3.45728477E-3
5.88057265E-2	-3.45763122E-3
5.43818958E-2	-3.45804356E-3
4.89849932E-2	-3.45859816E-3
4.54154871E-2	-3.45978932E-3
4.09156904E-2	-3.46086361E-3
3.77728753E-2	-3.46149225E-3
3.59586105E-2	-3.46197584E-3
3.30443121E-2	-3.46238073E-3
3.08345556E-2	-3.46290320E-3
2.70192865E-2	-3.46360193E-3
2.29057167E-2	-3.46449064E-3
2.07444057E-2	-3.46495933E-3
1.87012013E-2	-3.46531416E-3
1.64314248E-2	-3.46590090E-3
1.31019996E-2	-3.46642733E-3
1.01616532E-2	-3.46736051E-3
5.08015696E-3	-3.46895750E-3
2.85562268E-3	-3.46979802E-3
8.03748204E-4	-3.47053912E-3
1.93507643E-4	-3.47060687E-3
7.30407337E-5	-3.47059662E-3
6.62348757E-5	-3.47055495E-3
6.33664531E-5	-3.47050466E-3
5.99349769E-5	-3.47048137E-3
5.73401703E-5	-3.47055821E-3
5.50183941E-5	-3.47074005E-3
5.31669575E-5	-3.47082829E-3
5.21974289E-5	-3.47092818E-3
5.04279742E-5	-3.47091700E-3
4.96009125E-5	-3.47086391E-3
4.84889351E-5	-3.47062480E-3
4.76262612E-5	-3.47063271E-3
4.67064892E-5	-3.47059383E-3
4.57952010E-5	-3.47064016E-3
4.48584688E-5	-3.47070838E-3
4.41936572E-5	-3.47075379E-3
4.36594310E-5	-3.47069209E-3
4.29160391E-5	-3.47069604E-3
4.24389145E-5	-3.47062317E-3
4.15253598E-5	-3.47060012E-3
3.89005945E-5	-3.47063458E-3
3.38613572E-5	-3.47065530E-3
3.15961333E-5	-3.47069721E-3
2.94117490E-5	-3.47062154E-3
1.92507341E-5	-3.47061874E-3
1.63269160E-5	-3.47060850E-3
1.42799026E-5	-3.47066950E-3
1.63399218E-5	-3.47070559E-3
1.90664468E-5	-3.47076263E-3
1.91060190E-5	-3.47071583E-3
1.90811461E-5	-3.47075704E-3
1.91461568E-5	-3.47070629E-3
1.91354156E-5	-3.47061292E-3
1.89573420E-5	-3.47066950E-3
1.89494276E-5	-3.47061129E-3
1.88810227E-5	-3.47059430E-3
1.88420163E-5	-3.47060850E-3
1.88324066E-5	-3.47079197E-3
1.88974227E-5	-3.47092887E-3
1.88522026E-5	-3.47089441E-3
1.88375088E-5	-3.47088813E-3
1.81958785E-5	-3.47091979E-3
-1.41580254E-4	-3.47095029E-3
-4.72242216E-4	-3.47104296E-3
-1.57827733E-3	-3.47132655E-3
-3.12134554E-3	-3.47146043E-3
-4.26913612E-3	-3.47181852E-3
-5.89909265E-3	-3.47219268E-3
-6.84835529E-3	-3.47225368E-3
-8.33074935E-3	-3.47294565E-3
-9.78189055E-3	-3.47319827E-3
-1.07162585E-2	-3.47339991E-3
-1.19168945E-2	-3.47312191E-3
-1.27376346E-2	-3.47277289E-3
-1.44630568E-2	-3.47242667E-3
-1.52947865E-2	-3.47184320E-3
-1.66149233E-2	-3.47115682E-3
-1.77290142E-2	-3.47041409E-3
-1.84668843E-2	-3.46954190E-3
-1.96801051E-2	-3.46906506E-3
-2.08608992E-2	-3.46847717E-3
-2.16882098E-2	-3.46772582E-3
-2.26001646E-2	-3.46688600E-3
-2.43228991E-2	-3.46638774E-3
-2.51598489E-2	-3.46574374E-3
-2.65082512E-2	-3.46538448E-3
-2.73805074E-2	-3.46502243E-3
-2.88761575E-2	-3.46477446E-3
-3.05009633E-2	-3.46446503E-3
-3.15354653E-2	-3.46429320E-3
-3.29931676E-2	-3.46364314E-3
-3.42125557E-2	-3.46334535E-3
-3.51107605E-2	-3.46316909E-3
-3.58584523E-2	-3.46303196E-3
-3.74691933E-2	-3.46278516E-3
-3.88572328E-2	-3.46231577E-3
-4.12763096E-2	-3.46172880E-3
-4.37062308E-2	-3.46127292E-3
-4.50450890E-2	-3.46108293E-3
-4.67535444E-2	-3.46080260E-3
-4.76873070E-2	-3.46068828E-3
-4.85837944E-2	-3.46067757E-3
-4.90355119E-2	-3.46060097E-3
-4.93550822E-2	-3.46051389E-3
-4.99074087E-2	-3.46037839E-3
-5.14859967E-2	-3.45985871E-3
-5.36302589E-2	-3.45951016E-3
-5.50751388E-2	-3.45929735E-3
-5.65011166E-2	-3.45925940E-3
-5.75154088E-2	-3.45917582E-3
-5.82694523E-2	-3.45911086E-3
-5.88741004E-2	-3.45884310E-3
-6.01505116E-2	-3.45851039E-3
-6.13048673E-2	-3.45834042E-3
-6.19892292E-2	-3.45823145E-3
-6.31587654E-2	-3.45781120E-3
-6.46736100E-2	-3.45775182E-3
-6.60646856E-2	-3.45716882E-3
-6.78806156E-2	-3.45648266E-3
-7.12196529E-2	-3.45632900E-3
-7.38798901E-2	-3.45582282E-3
-7.53993317E-2	-3.45550478E-3
-7.73875788E-2	-3.45533993E-3
-7.89463297E-2	-3.45511455E-3
-8.12247917E-2	-3.45468568E-3
-8.26445967E-2	-3.45462025E-3
-8.43331516E-2	-3.45427403E-3
-8.52208808E-2	-3.45415995E-3
-8.57469961E-2	-3.45414970E-3
-8.59181508E-2	-3.45408311E-3
-8.61646384E-2	-3.45401652E-3
-8.64407793E-2	-3.45397810E-3
-8.66153017E-2	-3.45406169E-3
-8.66685659E-2	-3.45432595E-3
-8.58409777E-2	-3.45463725E-3
-8.36291909E-2	-3.45498975E-3
-8.14742520E-2	-3.45567870E-3
-7.75752291E-2	-3.45616625E-3
-7.42515773E-2	-3.45645938E-3
-7.19039068E-2	-3.45667358E-3
-7.05430955E-2	-3.45688430E-3
-6.98042735E-2	-3.45709827E-3
-6.90984353E-2	-3.45724123E-3
-6.81005046E-2	-3.45740328E-3
-6.72978684E-2	-3.45754903E-3
-6.66205660E-2	-3.45788058E-3
-6.58193827E-2	-3.45805171E-3
-6.40858412E-2	-3.45841493E-3
-6.16543330E-2	-3.45864100E-3
-5.90254776E-2	-3.45885963E-3
-5.72559536E-2	-3.45950341E-3
-5.41903302E-2	-3.45990271E-3
-5.11490777E-2	-3.46024730E-3
-4.91605178E-2	-3.46063706E-3
-4.62606288E-2	-3.46103148E-3
-4.39329036E-2	-3.46139679E-3
-4.24987748E-2	-3.46176070E-3
-4.04526480E-2	-3.46204988E-3
-3.91845331E-2	-3.46237398E-3
-3.72108743E-2	-3.46269482E-3
-3.51959206E-2	-3.46286385E-3
-3.39061096E-2	-3.46322870E-3
-3.20914388E-2	-3.46360705E-3
-3.08686923E-2	-3.46384267E-3
-2.87992582E-2	-3.46436864E-3
-2.65863631E-2	-3.46499868E-3
-2.38255206E-2	-3.46551114E-3
-2.05963012E-2	-3.46629182E-3
-1.83105618E-2	-3.46703175E-3
-1.49023412E-2	-3.46743339E-3
-1.22712152E-2	-3.46766878E-3
-1.08554419E-2	-3.46823270E-3
-7.61534413E-3	-3.46877100E-3
-6.68033026E-3	-3.46954865E-3
-3.70407128E-3	-3.47009161E-3
-1.29045034E-3	-3.47062806E-3
-1.62459255E-4	-3.47080943E-3
3.07307710E-6	-3.47089465E-3
1.03058449E-6	-3.47085926E-3
2.70053306E-6	-3.47096589E-3
3.64970151E-6	-3.47110257E-3
4.92618892E-6	-3.47121665E-3
5.53899326E-6	-3.47114610E-3
5.96637346E-6	-3.47102690E-3
6.55939175E-6	-3.47098289E-3
6.76573291E-6	-3.47091840E-3
7.09079040E-6	-3.47093702E-3
7.79969923E-6	-3.47084389E-3
8.06313710E-6	-3.47077614E-3
8.25138704E-6	-3.47078918E-3
8.45998693E-6	-3.47087113E-3
8.75055775E-6	-3.47101688E-3
9.15249529E-6	-3.47098848E-3
9.56574058E-6	-3.47092515E-3
9.79639026E-6	-3.47086997E-3
1.04917308E-5	-3.47075751E-3
1.21418925E-5	-3.47066158E-3
1.37677453E-5	-3.47080454E-3
1.49006410E-5	-3.47097567E-3
1.53981200E-5	-3.47108813E-3
1.53822912E-5	-3.47107137E-3
1.53772035E-5	-3.47101525E-3
1.54586087E-5	-3.47093120E-3
1.54467380E-5	-3.47107812E-3
1.53964247E-5	-3.47107463E-3
1.54337358E-5	-3.47111933E-3
1.53449801E-5	-3.47103854E-3
1.53783349E-5	-3.47088370E-3
1.55547132E-5	-3.47088836E-3
1.55371890E-5	-3.47100338E-3
1.56745609E-5	-3.47120967E-3
1.56496862E-5	-3.47131421E-3
1.55055313E-5	-3.47147230E-3
1.54750032E-5	-3.47139826E-3
1.54326044E-5	-3.47128883E-3
1.55982434E-5	-3.47116496E-3
1.57757513E-5	-3.47116613E-3
1.57356153E-5	-3.47129488E-3
1.56191600E-5	-3.47134797E-3
1.55405796E-5	-3.47132725E-3
1.56779515E-5	-3.47132422E-3
1.56378155E-5	-3.47113516E-3
1.57463583E-5	-3.47111863E-3
1.56796541E-5	-3.47103109E-3
1.57175327E-5	-3.47097474E-3
1.58469920E-5	-3.47105437E-3
1.57474969E-5	-3.47105600E-3
1.55812941E-5	-3.47109442E-3
1.55196740E-5	-3.47108534E-3
1.54767113E-5	-3.47099220E-3
1.55999496E-5	-3.47104762E-3
1.58368184E-5	-3.47104808E-3
1.59018291E-5	-3.47105879E-3
1.59074825E-5	-3.47100850E-3
1.57684135E-5	-3.47095728E-3
1.55174130E-5	-3.47092049E-3
1.55812941E-5	-3.47104413E-3
1.56152128E-5	-3.47127300E-3
1.56773986E-5	-3.47126951E-3
1.57898958E-5	-3.47130629E-3
1.56519582E-5	-3.47109674E-3
1.56355654E-5	-3.47098778E-3
1.56530896E-5	-3.47104878E-3
1.56378264E-5	-3.47104762E-3
1.55292855E-5	-3.47117963E-3
1.55479411E-5	-3.47120012E-3
1.55179787E-5	-3.47118080E-3
1.56174738E-5	-3.47120059E-3
1.57831128E-5	-3.47121595E-3
1.59097435E-5	-3.47128813E-3
1.59193551E-5	-3.47131980E-3
1.58611274E-5	-3.47114913E-3
1.58108141E-5	-3.47101758E-3
1.57361919E-5	-3.47094820E-3
1.55863818E-5	-3.47090699E-3
1.54642712E-5	-3.47090303E-3
1.56694805E-5	-3.47091188E-3
1.56446058E-5	-3.47115542E-3
1.58565999E-5	-3.47104808E-3
1.57819777E-5	-3.47116846E-3
1.56259503E-5	-3.47098662E-3
1.57294035E-5	-3.47107393E-3
1.57226204E-5	-3.47105344E-3
1.56559126E-5	-3.47108720E-3
1.57870654E-5	-3.47120012E-3
1.57853701E-5	-3.47120012E-3
1.58334224E-5	-3.47123574E-3
1.60324144E-5	-3.47109954E-3
1.60714208E-5	-3.47096566E-3
1.59538340E-5	-3.47103854E-3
1.58385101E-5	-3.47107183E-3
1.58481198E-5	-3.47114261E-3
1.58226812E-5	-3.47128324E-3
1.58385101E-5	-3.47119453E-3
1.56988772E-5	-3.47123505E-3
1.55846828E-5	-3.47126951E-3
1.55875096E-5	-3.47123574E-3
1.55581129E-5	-3.47115146E-3
1.56547812E-5	-3.47116729E-3
1.56061651E-5	-3.47124483E-3
1.54637037E-5	-3.47146112E-3
1.55795951E-5	-3.47148604E-3
1.56202968E-5	-3.47152445E-3
