# Mess-Beginn: 22.07.2026 13:21:08
# Kei2000	Kei2000
1.95222328E-5	7.47637078E-3
1.94945333E-5	7.47606996E-3
1.95244938E-5	7.47629628E-3
1.95177108E-5	7.47677870E-3
1.95482371E-5	7.47779757E-3
1.95753728E-5	7.47842528E-3
1.96189030E-5	7.47893052E-3
1.96166420E-5	7.47861806E-3
1.95363664E-5	7.47845042E-3
1.96098572E-5	7.47787487E-3
1.97048321E-5	7.47750048E-3
1.97353584E-5	7.47742178E-3
1.98099806E-5	7.47739756E-3
1.98846028E-5	7.47714052E-3
1.97025693E-5	7.47696357E-3
1.95606754E-5	7.47713307E-3
1.93424621E-5	7.47742457E-3
1.92802763E-5	7.47886067E-3
1.92599255E-5	7.47857196E-3
1.94278255E-5	7.47883832E-3
1.94606127E-5	7.47842155E-3
1.95431494E-5	7.47757824E-3
1.95120574E-5	7.47790467E-3
1.93447231E-5	7.47804623E-3
1.93486794E-5	7.47840526E-3
1.93865562E-5	7.47858034E-3
1.94617442E-5	7.47829862E-3
1.95804587E-5	7.47930305E-3
1.95759330E-5	7.47936964E-3
1.94770000E-5	7.47936731E-3
1.94577751E-5	7.47915544E-3
1.93650631E-5	7.47870561E-3
1.94068962E-5	7.47875310E-3
1.93825872E-5	7.47879827E-3
1.94487293E-5	7.47998478E-3
1.95363536E-5	7.48012774E-3
1.94283784E-5	7.48030376E-3
1.93187061E-5	7.47996522E-3
1.92079042E-5	7.47926487E-3
1.91276285E-5	7.47900689E-3
1.92016851E-5	7.47792702E-3
1.92689586E-5	7.47717125E-3
1.91615472E-5	7.47696077E-3
1.92282550E-5	7.47691141E-3
1.93808919E-5	7.47678382E-3
1.94639942E-5	7.47707160E-3
1.94634285E-5	7.47766625E-3
1.93780652E-5	7.47819059E-3
1.93017459E-5	7.47901062E-3
1.94266831E-5	7.47883273E-3
1.94430759E-5	7.47873401E-3
1.94724726E-5	7.47780036E-3
1.94543827E-5	7.47702969E-3
1.94922595E-5	7.47575611E-3
1.93825872E-5	7.47420732E-3
1.94673848E-5	7.47298356E-3
1.71546617E-5	7.49394344E-3
3.41962618E-6	7.53247505E-3
-1.83395769E-5	7.55832763E-3
-4.06397921E-5	7.58439209E-3
-5.63726790E-5	7.61046819E-3
-6.59181314E-5	7.63465604E-3
-7.92653736E-5	7.65221380E-3
-8.87644710E-5	7.66958110E-3
-1.04375817E-4	7.69905839E-3
-1.13274531E-4	7.71503057E-3
-1.22457030E-4	7.75197335E-3
-1.45197642E-4	7.79589219E-3
-1.65911013E-4	7.80592579E-3
-1.80109069E-4	7.84688629E-3
-1.97282396E-4	7.88171217E-3
-2.19973823E-4	7.91327842E-3
-2.45846313E-4	7.96045456E-3
-2.58414540E-4	7.97878020E-3
-2.67522439E-4	8.00326746E-3
-2.78991676E-4	8.01642332E-3
-2.87694798E-4	8.03252496E-3
-3.01384629E-4	8.05882830E-3
-3.25852860E-4	8.08995496E-3
-3.33468866E-4	8.13134387E-3
-3.54031858E-4	8.18137638E-3
-3.79244069E-4	8.21268931E-3
-3.89556109E-4	8.23966227E-3
-4.12318186E-4	8.28583352E-3
-4.23451071E-4	8.30457732E-3
-4.40102041E-4	8.33045971E-3
-4.56870592E-4	8.37167259E-3
-4.73517634E-4	8.38962197E-3
-4.83110547E-4	8.40831921E-3
-4.95073909E-4	8.44700448E-3
-5.11066290E-4	8.48038495E-3
-5.27523342E-4	8.49658623E-3
-5.44313400E-4	8.54396820E-3
-5.65757684E-4	8.57304223E-3
-5.78506850E-4	8.58951639E-3
-5.79593936E-4	8.60212557E-3
-5.84628724E-4	8.61868914E-3
-5.97016013E-4	8.64324626E-3
-6.05282723E-4	8.66059680E-3
-6.15875702E-4	8.68975651E-3
-6.36139070E-4	8.71607754E-3
-6.49789290E-4	8.73264484E-3
-6.56497432E-4	8.77966732E-3
-6.79355580E-4	8.81020818E-3
-6.88251515E-4	8.81995633E-3
-7.01292302E-4	8.84960871E-3
-7.11168512E-4	8.87597445E-3
-7.24632177E-4	8.89420137E-3
-7.40736490E-4	8.92656855E-3
-7.57317932E-4	8.98343325E-3
-7.90064165E-4	9.03658196E-3
-8.16075190E-4	9.05362144E-3
-8.26123171E-4	9.08974931E-3
-8.35652812E-4	9.11220349E-3
-8.38454522E-4	9.11816675E-3
-8.43378482E-4	9.13705118E-3
-8.61572800E-4	9.18374863E-3
-8.77908315E-4	9.21711698E-3
-9.06894624E-4	9.28228069E-3
-9.27332090E-4	9.31754149E-3
-9.47092893E-4	9.35224630E-3
-9.55565367E-4	9.36287269E-3
-9.67820990E-4	9.40370467E-3
-9.79501638E-4	9.42947157E-3
-1.00125466E-3	9.43725836E-3
-1.00989384E-3	9.48638469E-3
-1.02848385E-3	9.54006519E-3
-1.06289610E-3	9.59389284E-3
-1.09321438E-3	9.70497355E-3
-1.12987601E-3	9.79256630E-3
-1.18989614E-3	9.92619526E-3
-1.24583184E-3	9.96631570E-3
-1.27965282E-3	1.00834072E-2
-1.30753720E-3	1.01708313E-2
-1.33687747E-3	1.01949470E-2
-1.35580660E-3	1.02614854E-2
-1.37455354E-3	1.03056096E-2
-1.38346851E-3	1.03281252E-2
-1.39125565E-3	1.03694461E-2
-1.40603294E-3	1.03931697E-2
-1.40058040E-3	1.03663877E-2
-1.38399110E-3	1.03291208E-2
-1.35656737E-3	1.00780586E-2
-1.15837937E-3	9.75004863E-3
-9.32507101E-4	9.45709180E-3
-7.68322032E-4	8.91768839E-3
-5.32876584E-4	8.62970017E-3
-4.55108209E-4	8.50340910E-3
-4.31871827E-4	8.36373400E-3
-3.79307166E-4	8.32357444E-3
-3.61530634E-4	8.30044970E-3
-3.51054681E-4	8.27977527E-3
-4.36619390E-4	8.47924035E-3
-5.40739100E-4	8.75746273E-3
-6.31439732E-4	8.83951969E-3
-6.59823942E-4	8.78169853E-3
-5.88326657E-4	8.71940516E-3
-7.47084618E-4	8.87215510E-3
-1.00315863E-3	9.73208155E-3
-1.29963388E-3	1.09875128E-2
-1.97024131E-3	1.17904656E-2
-2.03702506E-3	1.22321043E-2
-2.16308585E-3	1.24809751E-2
-2.26426590E-3	1.27356621E-2
-2.35631876E-3	1.30725009E-2
-2.49727257E-3	1.33941621E-2
-2.55714403E-3	1.35249775E-2
-2.49421201E-3	1.33421356E-2
-2.34521204E-3	1.29353628E-2
-2.28713150E-3	1.28876390E-2
-2.28802348E-3	1.29690468E-2
-2.37953966E-3	1.39721902E-2
-2.74849078E-3	1.43761532E-2
-2.78919004E-3	1.44174714E-2
-2.83547817E-3	1.46505442E-2
-2.83774175E-3	1.46345990E-2
-2.83720624E-3	1.47210881E-2
-2.88506970E-3	1.50765544E-2
-3.03324638E-3	1.52787883E-2
-3.06404638E-3	1.53097166E-2
-3.03007732E-3	1.53421620E-2
-3.06869368E-3	1.55281294E-2
-3.11162649E-3	1.55810667E-2
-3.05784470E-3	1.54763265E-2
-3.05258948E-3	1.56351682E-2
-3.14475270E-3	1.57563165E-2
-3.19832237E-3	1.58606395E-2
-3.46346851E-3	1.70774162E-2
-3.73925688E-3	1.79298669E-2
-4.06154664E-3	1.90145597E-2
-4.24253289E-3	1.94825232E-2
-4.17553913E-3	1.91274937E-2
-3.92474420E-3	1.86864100E-2
-3.81028885E-3	1.81187261E-2
-3.32932593E-3	1.67213865E-2
-3.04780342E-3	1.57459155E-2
-2.73855054E-3	1.51705584E-2
-2.51479493E-3	1.45525280E-2
-2.32729106E-3	1.42519353E-2
-2.20084866E-3	1.40287513E-2
-2.13076128E-3	1.36782108E-2
-2.24975054E-3	1.42734526E-2
-2.50852387E-3	1.46549139E-2
-2.73301988E-3	1.54177882E-2
-3.27113853E-3	1.67931095E-2
-3.42299440E-3	1.74579993E-2
-3.57247307E-3	1.76029764E-2
-3.69194220E-3	1.77622233E-2
-3.52794491E-3	1.73103679E-2
-3.37941316E-3	1.68967228E-2
-3.24148615E-3	1.66083556E-2
-3.35012935E-3	1.73450001E-2
-3.81347118E-3	1.82366576E-2
-4.05177753E-3	2.02923771E-2
-4.56193974E-3	2.17269622E-2
-4.88503417E-3	2.21202206E-2
-4.88122692E-3	2.22488362E-2
-4.74625081E-3	2.19273884E-2
-4.79647564E-3	2.21538693E-2
-4.82915854E-3	2.20908597E-2
-4.76903562E-3	2.18980722E-2
-4.73576039E-3	2.17646379E-2
-4.62150667E-3	2.14509387E-2
-4.44251671E-3	2.06529088E-2
-4.19259490E-3	1.99872665E-2
-3.97781376E-3	1.95416976E-2
-3.96240875E-3	1.94173697E-2
-3.94318579E-3	1.96532458E-2
-4.02179640E-3	1.97160691E-2
-4.04177047E-3	2.00010072E-2
-4.10443777E-3	2.00372618E-2
-4.13124776E-3	2.00614259E-2
-4.15062672E-3	2.01993864E-2
-4.17339941E-3	2.01695766E-2
-4.41546179E-3	2.10624542E-2
-4.62367013E-3	2.16859784E-2
-4.96242894E-3	2.28378586E-2
-5.74855786E-3	2.47561205E-2
-6.36985200E-3	2.69973408E-2
-6.92490768E-3	2.98040658E-2
-7.63355289E-3	3.25462520E-2
-7.96886999E-3	3.32126878E-2
-7.87176285E-3	3.26761864E-2
-7.68470392E-3	3.21649797E-2
-7.65980454E-3	3.21122371E-2
-7.69812986E-3	3.21642272E-2
-7.86162075E-3	3.30537409E-2
-8.44531041E-3	3.60512398E-2
-9.28671751E-3	3.76008078E-2
-9.55957919E-3	3.92516851E-2
-9.92064737E-3	4.00163233E-2
-9.98131000E-3	3.98362130E-2
-9.91897192E-3	3.99572812E-2
-1.00429831E-2	4.03445810E-2
-1.01161823E-2	4.00885902E-2
-1.00582773E-2	4.02569138E-2
-1.02923587E-2	4.10299711E-2
-1.05036981E-2	4.17710319E-2
-1.07610589E-2	4.29810621E-2
-1.09030865E-2	4.29331958E-2
-1.06367376E-2	4.20394354E-2
-1.04394956E-2	4.11839187E-2
-9.97835211E-3	4.03267816E-2
-9.69498511E-3	3.92102301E-2
-9.55704693E-3	3.87311317E-2
-9.57863778E-3	3.90105806E-2
-9.68392193E-3	3.88813652E-2
-9.62692127E-3	3.88379432E-2
-9.84794740E-3	3.97463478E-2
-9.92066227E-3	4.01365086E-2
-1.01738749E-2	4.10822146E-2
-1.04767801E-2	4.20711897E-2
-1.07798642E-2	4.29372042E-2
-1.09006744E-2	4.30704206E-2
-1.08243916E-2	4.26765196E-2
-1.05353631E-2	4.19008695E-2
-1.02152983E-2	4.07328941E-2
-9.98173002E-3	4.02278677E-2
-9.94361751E-3	4.01171297E-2
-9.95576009E-3	4.00914699E-2
-9.87952296E-3	3.99903581E-2
-9.86113399E-3	3.96392234E-2
-9.67641361E-3	3.90711427E-2
-9.42131132E-3	3.86464149E-2
-9.36494861E-3	3.82566750E-2
-9.11344960E-3	3.73538956E-2
-8.92490521E-3	3.68925706E-2
-8.87058582E-3	3.64767648E-2
-8.66358820E-3	3.60276997E-2
-8.48773867E-3	3.57361734E-2
-8.55986774E-3	3.61680612E-2
-8.86038225E-3	3.71580124E-2
-9.09201801E-3	3.79324220E-2
-9.42514557E-3	3.85483392E-2
-9.47803073E-3	3.89424600E-2
-9.54541378E-3	3.90619151E-2
-9.69074573E-3	3.96506898E-2
-9.88794118E-3	4.02103849E-2
-1.00553110E-2	4.04978879E-2
-1.01021230E-2	4.06040475E-2
-1.01522012E-2	4.06291261E-2
-9.96586215E-3	4.00660038E-2
-9.98651609E-3	4.01539840E-2
-9.97641962E-3	4.01094966E-2
-1.01958932E-2	4.15071920E-2
-1.08950967E-2	4.36491966E-2
-1.13509130E-2	4.44740504E-2
-1.15678180E-2	4.53582816E-2
-1.14325788E-2	4.43146192E-2
-1.12093482E-2	4.39042188E-2
-1.10935289E-2	4.35966551E-2
-1.09726423E-2	4.34391350E-2
-1.09372092E-2	4.32526097E-2
-1.09122498E-2	4.32819389E-2
-1.08420309E-2	4.29607183E-2
-1.07227135E-2	4.24897857E-2
-1.05739329E-2	4.22547124E-2
-1.05762137E-2	4.23679613E-2
-1.05778091E-2	4.22714241E-2
-1.06610153E-2	4.25817072E-2
-1.07043628E-2	4.27235290E-2
-1.07820695E-2	4.28896062E-2
-1.08394763E-2	4.31948081E-2
-1.08739790E-2	4.30811495E-2
-1.07653681E-2	4.27604914E-2
-1.06841885E-2	4.24827598E-2
-1.06719239E-2	4.24233451E-2
-1.05438791E-2	4.21142541E-2
-1.05555858E-2	4.28570174E-2
-1.10893929E-2	4.39413376E-2
-1.13747464E-2	4.47701551E-2
-1.18966335E-2	4.63959947E-2
-1.23249516E-2	4.75434549E-2
-1.23193562E-2	4.87263650E-2
-1.38162030E-2	5.39992377E-2
-1.55917667E-2	5.94683364E-2
-1.67406797E-2	6.13052621E-2
-1.81372911E-2	6.58777654E-2
-1.81819946E-2	6.58554807E-2
-1.81861278E-2	6.58708438E-2
-1.81516521E-2	6.56952709E-2
-1.80584006E-2	6.54217154E-2
-1.79912038E-2	6.52307719E-2
-1.79041065E-2	6.46211281E-2
-1.75957419E-2	6.39526770E-2
-1.73420664E-2	6.34622425E-2
-1.72697175E-2	6.32627904E-2
-1.73148066E-2	6.36287704E-2
-1.75511353E-2	6.42158166E-2
-1.77191459E-2	6.48944899E-2
-1.78418364E-2	6.48081079E-2
-1.77859571E-2	6.46008030E-2
-1.77388005E-2	6.42464831E-2
-1.75038259E-2	6.36637136E-2
-1.71845909E-2	6.27158657E-2
-1.69696026E-2	6.20575733E-2
-1.67348497E-2	6.13895617E-2
-1.69379506E-2	6.27069026E-2
-1.77265629E-2	6.43066391E-2
-1.83056574E-2	6.69644177E-2
-1.92502439E-2	6.89486638E-2
-1.94995217E-2	6.99797273E-2
-1.95367225E-2	7.01133087E-2
-1.95554178E-2	7.01188967E-2
-1.95103176E-2	7.00044408E-2
-1.95045434E-2	7.00001046E-2
-1.95550192E-2	7.01696798E-2
-1.95968021E-2	7.03898370E-2
-1.96496397E-2	7.04583079E-2
-1.97173208E-2	7.06715584E-2
-1.97557565E-2	7.08678514E-2
-1.98308174E-2	7.10386783E-2
-1.98933873E-2	7.13222250E-2
-1.99791025E-2	7.14949220E-2
-2.00711247E-2	7.17932954E-2
-2.01090388E-2	7.19804689E-2
-2.01895069E-2	7.21688345E-2
-2.02748291E-2	7.24270195E-2
-2.03152262E-2	7.25361556E-2
-2.03459356E-2	7.25987926E-2
-2.03551371E-2	7.26324767E-2
-2.03585513E-2	7.26384893E-2
-2.03482658E-2	7.25749284E-2
-2.02852674E-2	7.24019408E-2
-2.02684086E-2	7.23443776E-2
-2.02465449E-2	7.23407567E-2
-2.02597417E-2	7.24060163E-2
-2.03376431E-2	7.26832747E-2
-2.03892682E-2	7.28303641E-2
-2.04699729E-2	7.30743855E-2
-2.05586907E-2	7.33991787E-2
-2.06313580E-2	7.35134706E-2
-2.07309257E-2	7.38587305E-2
-2.08123438E-2	7.42035434E-2
-2.08695512E-2	7.43455067E-2
-2.09226124E-2	7.45742172E-2
-2.10045651E-2	7.47206211E-2
-2.10387949E-2	7.49506578E-2
-2.10904628E-2	7.52512887E-2
-2.12667231E-2	7.57543147E-2
-2.13723928E-2	7.60958940E-2
-2.15261076E-2	7.65193999E-2
-2.16369722E-2	7.67282844E-2
-2.16811597E-2	7.68815428E-2
-2.17465032E-2	7.70770907E-2
-2.17958819E-2	7.73480982E-2
-2.19004843E-2	7.75793716E-2
-2.19756067E-2	7.77848363E-2
-2.20547579E-2	7.81259239E-2
-2.21497659E-2	7.83809721E-2
-2.21947879E-2	7.84426108E-2
-2.22112574E-2	7.84652755E-2
-2.21971124E-2	7.83615783E-2
-2.21682601E-2	7.82145858E-2
-2.20928807E-2	7.80641884E-2
-2.20438130E-2	7.78975263E-2
-2.19976231E-2	7.77651593E-2
-2.19993256E-2	7.79331252E-2
-2.20960341E-2	7.81456903E-2
-2.21960302E-2	7.84620345E-2
-2.22672895E-2	7.86735043E-2
-2.22565830E-2	7.85591900E-2
-2.21704561E-2	7.81167671E-2
-2.20633429E-2	7.79633820E-2
-2.19158847E-2	7.75221363E-2
-2.17985772E-2	7.72983208E-2
-2.18037814E-2	7.74039552E-2
-2.18036678E-2	7.73742497E-2
-2.17917562E-2	7.76199698E-2
-2.18491592E-2	7.82538280E-2
-2.23654173E-2	7.96614513E-2
-2.29597595E-2	8.19813684E-2
-2.36535650E-2	8.48530456E-2
-2.46085431E-2	8.67890120E-2
-2.53490750E-2	8.93030241E-2
-2.59682406E-2	9.08104181E-2
-2.60642059E-2	9.04384255E-2
-2.57808361E-2	8.93546566E-2
-2.55179945E-2	8.90594572E-2
-2.54952293E-2	8.88467878E-2
-2.53885519E-2	8.86339545E-2
-2.53589842E-2	8.84383917E-2
-2.52846815E-2	8.83916989E-2
-2.53117383E-2	8.83984491E-2
-2.52619330E-2	8.87524113E-2
-2.53708903E-2	8.92401934E-2
-2.56140158E-2	8.93327072E-2
-2.61986367E-2	9.23764557E-2
-2.70601138E-2	9.51680019E-2
-2.83470582E-2	9.91930068E-2
-2.96982713E-2	1.03066720E-1
-3.00218351E-2	1.03721954E-1
-3.02021950E-2	1.04274556E-1
-3.04131880E-2	1.04885258E-1
-3.05364169E-2	1.05228551E-1
-3.05859521E-2	1.05351210E-1
-3.06023732E-2	1.05348453E-1
-3.05754952E-2	1.05237477E-1
-3.05317957E-2	1.04925051E-1
-3.04867029E-2	1.04816444E-1
-3.04556023E-2	1.04795039E-1
-3.04598901E-2	1.04823545E-1
-3.05114146E-2	1.05170377E-1
-3.05641722E-2	1.05272114E-1
-3.05850785E-2	1.05333045E-1
-3.05952486E-2	1.05348781E-1
-3.05818599E-2	1.05297036E-1
-3.05609219E-2	1.05214640E-1
-3.05240117E-2	1.05059721E-1
-3.04151084E-2	1.04625680E-1
-3.02309170E-2	1.04233533E-1
-3.01365387E-2	1.03383392E-1
-2.95712966E-2	1.02243185E-1
-2.98664998E-2	1.03315711E-1
-3.00703105E-2	1.05182990E-1
-3.06776520E-2	1.06912613E-1
-3.16793211E-2	1.09589748E-1
-3.19363624E-2	1.09765574E-1
-3.19506079E-2	1.09875873E-1
-3.19605879E-2	1.09647736E-1
-3.18371244E-2	1.09185047E-1
-3.16907912E-2	1.08606637E-1
-3.16048935E-2	1.08507119E-1
-3.16062942E-2	1.08721167E-1
-3.17011885E-2	1.09022319E-1
-3.17817852E-2	1.09376073E-1
-3.18317115E-2	1.09209776E-1
-3.17659453E-2	1.09085985E-1
-3.15638892E-2	1.08203284E-1
-3.11932545E-2	1.07513189E-1
-3.12405825E-2	1.07890323E-1
-3.14853303E-2	1.08697183E-1
-3.17220353E-2	1.09564804E-1
-3.19910608E-2	1.10362947E-1
-3.22063938E-2	1.10628016E-1
-3.22672054E-2	1.10957988E-1
-3.23661231E-2	1.11323386E-1
-3.25862169E-2	1.11813478E-1
-3.26267034E-2	1.12101465E-1
-3.27342153E-2	1.12424113E-1
-3.27911042E-2	1.12524889E-1
-3.28860916E-2	1.12963490E-1
-3.30008380E-2	1.13259375E-1
-3.30330282E-2	1.13443591E-1
-3.31266001E-2	1.13640763E-1
-3.31135839E-2	1.13479674E-1
-3.30382437E-2	1.13252796E-1
-3.29171307E-2	1.13412082E-1
-3.34125943E-2	1.24325901E-1
-3.40358578E-2	1.24464713E-1
-3.51739526E-2	1.24687754E-1
-3.64367925E-2	1.24963999E-1
-3.66355069E-2	1.25577495E-1
-3.67799290E-2	1.26176611E-1
-3.69551256E-2	1.26511931E-1
-3.71043570E-2	1.27045766E-1
-3.71932574E-2	1.27482623E-1
-3.72724347E-2	1.27595112E-1
-3.73610519E-2	1.27956480E-1
-3.74321491E-2	1.28260002E-1
-3.75420563E-2	1.28527835E-1
-3.77181768E-2	1.29208386E-1
-3.77966315E-2	1.29724473E-1
-3.80237997E-2	1.30454317E-1
-3.82122844E-2	1.30870432E-1
-3.83149050E-2	1.31329045E-1
-3.83892767E-2	1.31607726E-1
-3.84895243E-2	1.31733924E-1
-3.85998599E-2	1.32138848E-1
-3.86451483E-2	1.32532015E-1
-3.87781784E-2	1.32868126E-1
-3.89127396E-2	1.33184388E-1
-3.90166268E-2	1.33689672E-1
-3.91437411E-2	1.33955881E-1
-3.92191485E-2	1.34365812E-1
-3.92880887E-2	1.34674042E-1
-3.93859036E-2	1.34907067E-1
-3.94839793E-2	1.35143086E-1
-3.95319276E-2	1.35465309E-1
-3.95927615E-2	1.35820478E-1
-3.96697894E-2	1.35970891E-1
-3.97340767E-2	1.36172533E-1
-3.97981070E-2	1.36453167E-1
-3.98416668E-2	1.36619776E-1
-3.99399847E-2	1.37041792E-1
-4.00363617E-2	1.37451813E-1
-4.01607156E-2	1.37590379E-1
-4.03197445E-2	1.38156131E-1
-4.04154584E-2	1.38557792E-1
-4.05047052E-2	1.38749972E-1
-4.05716263E-2	1.38977543E-1
-4.06014472E-2	1.39060587E-1
-4.06218469E-2	1.39149427E-1
-4.06475626E-2	1.39233276E-1
-4.06478159E-2	1.39175653E-1
-4.06388752E-2	1.39272943E-1
-4.06923033E-2	1.39340624E-1
-4.07322124E-2	1.39545292E-1
-4.07674834E-2	1.39831379E-1
-4.08383757E-2	1.39967471E-1
-4.06680815E-2	1.39358684E-1
-4.06480916E-2	1.39483333E-1
-4.06963155E-2	1.39688298E-1
-4.08116318E-2	1.40062854E-1
-4.08769473E-2	1.40967920E-1
-4.11281586E-2	1.41094819E-1
-4.11194526E-2	1.41049609E-1
-4.11138609E-2	1.41080484E-1
-4.11075689E-2	1.41017720E-1
-4.10677828E-2	1.40828580E-1
-4.10409793E-2	1.40690446E-1
-4.10179719E-2	1.40588433E-1
-4.09625173E-2	1.40399173E-1
-4.09309119E-2	1.40400007E-1
-4.09432687E-2	1.40474483E-1
-4.09835912E-2	1.40544653E-1
-4.10016812E-2	1.40595749E-1
-4.09605689E-2	1.40311643E-1
-4.07069847E-2	1.39639542E-1
-4.04674597E-2	1.40235186E-1
-4.06843312E-2	1.42019644E-1
-4.15515117E-2	1.44136250E-1
-4.26518358E-2	1.47963464E-1
-4.34764400E-2	1.50517613E-1
-4.38830182E-2	1.50993884E-1
-4.40732352E-2	1.51692331E-1
-4.42000069E-2	1.52240440E-1
-4.43664603E-2	1.52436525E-1
-4.45136242E-2	1.52980819E-1
-4.45843078E-2	1.53400764E-1
-4.47027832E-2	1.53681636E-1
-4.48104069E-2	1.53975651E-1
-4.48490344E-2	1.54416993E-1
-4.49943170E-2	1.54973283E-1
-4.51642834E-2	1.55429274E-1
-4.52909470E-2	1.56113267E-1
-4.54621501E-2	1.56511262E-1
-4.55858260E-2	1.56827793E-1
-4.56590243E-2	1.57258183E-1
-4.57509197E-2	1.57768175E-1
-4.59171012E-2	1.58173978E-1
-4.60897125E-2	1.58764064E-1
-4.61998284E-2	1.59259126E-1
-4.63032126E-2	1.59455761E-1
-4.63536568E-2	1.59741700E-1
-4.64357696E-2	1.59841791E-1
-4.65174951E-2	1.60218716E-1
-4.66750450E-2	1.60511404E-1
-4.67194542E-2	1.61140621E-1
-4.68495749E-2	1.61431298E-1
-4.69213799E-2	1.61728948E-1
-4.69771624E-2	1.61998302E-1
-4.70220335E-2	1.62099347E-1
-4.70564514E-2	1.62194818E-1
-4.70802672E-2	1.62310272E-1
-4.71233167E-2	1.62505150E-1
-4.71726954E-2	1.62719816E-1
-4.72693183E-2	1.63091570E-1
-4.73312885E-2	1.63460106E-1
-4.74200398E-2	1.63654074E-1
-4.74613532E-2	1.63763598E-1
-4.74724770E-2	1.63869023E-1
-4.75119874E-2	1.63916260E-1
-4.75110449E-2	1.63889334E-1
-4.74635884E-2	1.63499027E-1
-4.73969765E-2	1.63260207E-1
-4.72808592E-2	1.62796348E-1
-4.71873730E-2	1.62415951E-1
-4.69985045E-2	1.62057906E-1
-4.73569892E-2	1.63839176E-1
-4.76955734E-2	1.65705815E-1
-4.82448153E-2	1.66361988E-1
-4.88532223E-2	1.68784827E-1
-4.88848835E-2	1.69131339E-1
-4.89871800E-2	1.69440672E-1
-4.90999483E-2	1.69917002E-1
-4.91761304E-2	1.70201853E-1
-4.92572002E-2	1.70470208E-1
-4.93364371E-2	1.70705527E-1
-4.94592153E-2	1.71007723E-1
-4.95478138E-2	1.71659812E-1
-4.96587642E-2	1.72075868E-1
-4.98372093E-2	1.72490031E-1
-4.99551855E-2	1.73174962E-1
-5.01616895E-2	1.73655733E-1
-5.02922758E-2	1.74316719E-1
-5.03931791E-2	1.74791738E-1
-5.05336225E-2	1.75053850E-1
-5.06367013E-2	1.75438434E-1
-5.06942570E-2	1.75629303E-1
-5.07701784E-2	1.75826833E-1
-5.08265905E-2	1.76057428E-1
-5.08498177E-2	1.76182941E-1
-5.08874021E-2	1.76293299E-1
-5.09536564E-2	1.76460266E-1
-5.09911031E-2	1.76870316E-1
-5.10969460E-2	1.77241206E-1
-5.12042157E-2	1.77531153E-1
-5.12791835E-2	1.77897960E-1
-5.13751134E-2	1.78307816E-1
-5.15390374E-2	1.78793252E-1
-5.16702831E-2	1.79305330E-1
-5.18630147E-2	1.79991990E-1
-5.19607142E-2	1.80355877E-1
-5.20670861E-2	1.80775732E-1
-5.21223471E-2	1.81060538E-1
-5.22228293E-2	1.81337506E-1
-5.23896031E-2	1.82010159E-1
-5.25036864E-2	1.82387888E-1
-5.26728593E-2	1.82817712E-1
-5.28415442E-2	1.83490172E-1
-5.28861657E-2	1.83884680E-1
-5.30068129E-2	1.84193000E-1
-5.31280152E-2	1.84636727E-1
-5.31967953E-2	1.84970424E-1
-5.32819517E-2	1.85212940E-1
-5.33237122E-2	1.85376495E-1
-5.33559136E-2	1.85518488E-1
-5.33660650E-2	1.85536534E-1
-5.33727445E-2	1.85595661E-1
-5.33861853E-2	1.85682192E-1
-5.33946715E-2	1.85742080E-1
-5.34221269E-2	1.85828939E-1
-5.34369610E-2	1.86169401E-1
-5.35523929E-2	1.87042087E-1
-5.38085736E-2	1.87697932E-1
-5.41665703E-2	1.89158231E-1
-5.44477776E-2	1.90253809E-1
-5.47119305E-2	1.90817133E-1
-5.49221523E-2	1.91689178E-1
-5.50452992E-2	1.92260101E-1
-5.51497154E-2	1.92496970E-1
-5.52347414E-2	1.92904338E-1
-5.53028993E-2	1.93129137E-1
-5.53987771E-2	1.93386674E-1
-5.54080755E-2	1.93500429E-1
-5.54815270E-2	1.94437057E-1
-5.59846237E-2	1.96429640E-1
-5.68231791E-2	1.99765503E-1
-5.74948862E-2	2.02382401E-1
-5.84981851E-2	2.05530763E-1
-5.88225685E-2	2.06753612E-1
-5.90092242E-2	2.07494363E-1
-5.92615679E-2	2.08424419E-1
-5.94734550E-2	2.08992377E-1
-5.95373288E-2	2.09706232E-1
-5.97285777E-2	2.10162133E-1
-5.99498935E-2	2.10754603E-1
-6.00974932E-2	2.11620495E-1
-6.02904893E-2	2.12279484E-1
-6.04869835E-2	2.12748632E-1
-6.06293976E-2	2.13632122E-1
-6.07868172E-2	2.14680359E-1
-6.10626675E-2	2.15399966E-1
-6.13014735E-2	2.16331556E-1
-6.14566617E-2	2.17199653E-1
-6.16740808E-2	2.17724860E-1
-6.17958754E-2	2.18255192E-1
-6.19342700E-2	2.19055459E-1
-6.20918721E-2	2.19405740E-1
-6.22333027E-2	2.20054701E-1
-6.23489097E-2	2.20782295E-1
-6.25389591E-2	2.21283823E-1
-6.27572462E-2	2.22259939E-1
-6.29090220E-2	2.22880840E-1
-6.30460232E-2	2.23794505E-1
-6.33148178E-2	2.24597231E-1
-6.34895116E-2	2.25628316E-1
-6.37442991E-2	2.26656348E-1
-6.40042499E-2	2.26991490E-1
-6.41222745E-2	2.27784291E-1
-6.43142834E-2	2.28563979E-1
-6.44586831E-2	2.29155257E-1
-6.46922886E-2	2.30104044E-1
-6.48482218E-2	2.31085077E-1
-6.51098862E-2	2.31749266E-1
-6.53300583E-2	2.32689843E-1
-6.54622614E-2	2.33513087E-1
-6.55883178E-2	2.34028965E-1
-6.57944456E-2	2.34904319E-1
-6.59238175E-2	2.35708803E-1
-6.61431625E-2	2.36253440E-1
-6.63422048E-2	2.36837789E-1
-6.64574429E-2	2.37487704E-1
-6.66261539E-2	2.37928972E-1
-6.67721182E-2	2.38589376E-1
-6.68305755E-2	2.39154622E-1
-6.69752136E-2	2.39551246E-1
-6.71070963E-2	2.39932910E-1
-6.71900660E-2	2.40490913E-1
-6.73314631E-2	2.41103232E-1
-6.74394965E-2	2.41612658E-1
-6.76281825E-2	2.42335454E-1
-6.77518994E-2	2.42977202E-1
-6.79220483E-2	2.43430540E-1
-6.80737197E-2	2.43793130E-1
-6.81698471E-2	2.44381413E-1
-6.82870150E-2	2.44822204E-1
-6.84905648E-2	2.45641738E-1
-6.86185211E-2	2.46462584E-1
-6.88689724E-2	2.47092158E-1
-6.91228434E-2	2.48110801E-1
-6.92025945E-2	2.48942539E-1
-6.94173649E-2	2.49448240E-1
-6.96084872E-2	2.50218362E-1
-6.97192103E-2	2.50900120E-1
-6.99092895E-2	2.51434654E-1
-7.01169446E-2	2.52048910E-1
-7.02446178E-2	2.52760708E-1
-7.03654140E-2	2.53267109E-1
-7.05702454E-2	2.54015923E-1
-7.07153082E-2	2.54542351E-1
-7.08276480E-2	2.54985094E-1
-7.10010454E-2	2.55651504E-1
-7.11814910E-2	2.56212115E-1
-7.14056194E-2	2.56810635E-1
-7.15288743E-2	2.57723957E-1
-7.16450363E-2	2.58532494E-1
-7.17684329E-2	2.59159833E-1
-7.19318464E-2	2.59583354E-1
-7.20781758E-2	2.60031849E-1
-7.21843168E-2	2.60709256E-1
-7.23577067E-2	2.61211485E-1
-7.25205913E-2	2.62028992E-1
-7.26392120E-2	2.62739986E-1
-7.27971196E-2	2.63150454E-1
-7.29554147E-2	2.63832211E-1
-7.30756223E-2	2.64560193E-1
-7.31981546E-2	2.64788508E-1
-7.33776912E-2	2.65549332E-1
-7.35095888E-2	2.66441375E-1
-7.37462193E-2	2.67047912E-1
-7.39704743E-2	2.67977864E-1
-7.41228312E-2	2.68790007E-1
-7.43172392E-2	2.69174963E-1
-7.44169056E-2	2.69594342E-1
-7.44985566E-2	2.70003229E-1
-7.45714828E-2	2.70330787E-1
-7.47104511E-2	2.70669609E-1
-7.48015717E-2	2.71019936E-1
-7.48553723E-2	2.71297604E-1
-7.48521909E-2	2.71326363E-1
-7.48752356E-2	2.71417826E-1
-7.48771951E-2	2.71351308E-1
-7.48354122E-2	2.71264464E-1
-7.48780593E-2	2.71377712E-1
-7.48254433E-2	2.71190822E-1
-7.48370290E-2	2.71271765E-1
-7.48697743E-2	2.71306753E-1
-7.48571604E-2	2.71480709E-1
-7.49532804E-2	2.71896839E-1
-7.51365498E-2	2.72817284E-1
-7.53252804E-2	2.73510367E-1
-7.58361593E-2	2.74958611E-1
-7.60741532E-2	2.76172191E-1
-7.60790557E-2	2.76117504E-1
-7.60317370E-2	2.76202589E-1
-7.57025927E-2	2.75765717E-1
-7.60024264E-2	2.76857615E-1
-7.63839036E-2	2.79236943E-1
-7.70045519E-2	2.80786842E-1
-7.76277259E-2	2.82826483E-1
-7.77302682E-2	2.83794969E-1
-7.79419616E-2	2.84319460E-1
-7.81702772E-2	2.85169303E-1
-7.82695487E-2	2.85814852E-1
-7.85305873E-2	2.86594152E-1
-7.87423551E-2	2.87850529E-1
-7.89520368E-2	2.89049327E-1
-7.92541727E-2	2.89439142E-1
-7.94177949E-2	2.90123135E-1
-7.94909671E-2	2.90496826E-1
-7.95969889E-2	2.90805072E-1
-7.95774832E-2	2.90463448E-1
-7.94724524E-2	2.90110022E-1
-7.94123113E-2	2.89928496E-1
-7.91411325E-2	2.89737105E-1
-7.91186839E-2	2.89217472E-1
-7.90595040E-2	2.88666368E-1
-7.88106471E-2	2.87598103E-1
-7.88746625E-2	2.89209545E-1
-7.93502033E-2	2.91004270E-1
-8.00853670E-2	2.94425428E-1
-8.12662914E-2	2.99357533E-1
-8.18494633E-2	3.00596356E-1
-8.22999775E-2	3.01836610E-1
-8.25986862E-2	3.03237766E-1
-8.24969560E-2	3.01806360E-1
-8.21976364E-2	3.01255822E-1
-8.19424838E-2	3.00252050E-1
-8.18310454E-2	3.00757796E-1
-8.20161402E-2	3.01867425E-1
-8.22684541E-2	3.02307129E-1
-8.23769793E-2	3.02756786E-1
-8.24649259E-2	3.03120404E-1
-8.24840441E-2	3.03024769E-1
-8.23648125E-2	3.02752107E-1
-8.23709145E-2	3.03202599E-1
-8.22768807E-2	3.02268296E-1
-8.20742995E-2	3.02145153E-1
-8.22461396E-2	3.02711368E-1
-8.22677612E-2	3.02713871E-1
-8.25996473E-2	3.04110408E-1
-8.28127712E-2	3.04755658E-1
-8.30031335E-2	3.05593640E-1
-8.30856189E-2	3.05973321E-1
-8.32823440E-2	3.07290614E-1
-8.39039013E-2	3.09127033E-1
-8.45055431E-2	3.11772645E-1
-8.50413367E-2	3.14752817E-1
-8.54208022E-2	3.15000772E-1
-8.52037966E-2	3.14135700E-1
-8.50325748E-2	3.14212888E-1
-8.50467756E-2	3.14358592E-1
-8.49901065E-2	3.14534396E-1
-8.51882994E-2	3.16174656E-1
-8.57680440E-2	3.17934126E-1
-8.65110159E-2	3.21008533E-1
-8.73404071E-2	3.24405640E-1
-8.79173353E-2	3.26038390E-1
-8.80521536E-2	3.26614320E-1
-8.80030021E-2	3.25698972E-1
-8.77719447E-2	3.25246930E-1
-8.74516442E-2	3.24008346E-1
-8.71859491E-2	3.23113710E-1
-8.71327966E-2	3.23291868E-1
-8.75385851E-2	3.24840486E-1
-8.80504549E-2	3.27023625E-1
-8.84356871E-2	3.28771651E-1
-8.88999850E-2	3.31067502E-1
-8.90688673E-2	3.31000060E-1
-8.90343562E-2	3.30377519E-1
-8.87301266E-2	3.29643995E-1
-8.84103328E-2	3.28918517E-1
-8.85119513E-2	3.29165339E-1
-8.84959400E-2	3.29166919E-1
-8.86526927E-2	3.29848289E-1
-8.87681469E-2	3.30383241E-1
-8.88020992E-2	3.30758572E-1
-8.89943913E-2	3.31110835E-1
-8.94402042E-2	3.34074318E-1
-8.98933187E-2	3.37433279E-1
-9.12000462E-2	3.42442811E-1
-9.25027356E-2	3.47373009E-1
-9.33897123E-2	3.48338664E-1
-9.35438350E-2	3.48839313E-1
-9.36217085E-2	3.49290997E-1
-9.36806500E-2	3.49626869E-1
-9.37271640E-2	3.49536180E-1
-9.36209410E-2	3.49340260E-1
-9.35030058E-2	3.48973006E-1
-9.32801515E-2	3.48202258E-1
-9.31103453E-2	3.47483337E-1
-9.29848477E-2	3.47123593E-1
-9.28139091E-2	3.46709102E-1
-9.27061066E-2	3.46471161E-1
-9.26316828E-2	3.46320838E-1
-9.24952403E-2	3.45743865E-1
-9.23097506E-2	3.45003754E-1
-9.21424180E-2	3.44711512E-1
-9.21065211E-2	3.44738185E-1
-9.22271162E-2	3.45881760E-1
-9.27062780E-2	3.47250313E-1
-9.29154232E-2	3.47938806E-1
-9.31598321E-2	3.48754555E-1
-9.34393629E-2	3.50076735E-1
-9.37878340E-2	3.51198912E-1
-9.42253619E-2	3.52967441E-1
-9.47999507E-2	3.54316562E-1
-9.48904827E-2	3.54647070E-1
-9.47509259E-2	3.54339868E-1
-9.46258679E-2	3.53731602E-1
-9.44850296E-2	3.53370667E-1
-9.45314690E-2	3.53584856E-1
-9.47038457E-2	3.54369760E-1
-9.48302895E-2	3.55579019E-1
-9.52253491E-2	3.57014596E-1
-9.56990421E-2	3.58512610E-1
-9.59315002E-2	3.59058648E-1
-9.59234312E-2	3.58806312E-1
-9.59236026E-2	3.58474135E-1
-9.58831757E-2	3.58974576E-1
-9.62392464E-2	3.60826135E-1
-9.67459157E-2	3.62401903E-1
-9.71212238E-2	3.63856316E-1
-9.77414995E-2	3.65084946E-1
-9.81412232E-2	3.66633743E-1
-9.85384434E-2	3.68088782E-1
-9.87446085E-2	3.68531346E-1
-9.85732004E-2	3.67899269E-1
-9.82639119E-2	3.67036223E-1
-9.81234312E-2	3.66821408E-1
-9.83176380E-2	3.67743611E-1
-9.85972211E-2	3.68579179E-1
-9.87867340E-2	3.69193733E-1
-9.89834294E-2	3.69977236E-1
-9.91895720E-2	3.70807469E-1
-9.93032232E-2	3.71089071E-1
-9.94312316E-2	3.71639580E-1
-9.95054320E-2	3.71740580E-1
-9.93919894E-2	3.71854395E-1
-9.99862030E-2	3.74087214E-1
-1.00485906E-1	3.76611173E-1
-1.00965284E-1	3.78404826E-1
-1.01753458E-1	3.80403548E-1
-1.02207460E-1	3.82001311E-1
-1.02473155E-1	3.82803977E-1
-1.02909051E-1	3.84451836E-1
-1.03434227E-1	3.85904759E-1
-1.03661440E-1	3.86589766E-1
-1.04036301E-1	3.88078392E-1
-1.04168274E-1	3.89341563E-1
-1.04661219E-1	3.90443116E-1
-1.04944371E-1	3.91880631E-1
-1.05244562E-1	3.92560720E-1
-1.05223626E-1	3.92457783E-1
-1.04987510E-1	3.91644388E-1
-1.04778796E-1	3.91301274E-1
-1.04877450E-1	3.91706318E-1
-1.05053984E-1	3.92341733E-1
-1.05398938E-1	3.94028515E-1
-1.06230199E-1	3.97398144E-1
-1.06979556E-1	3.99869651E-1
-1.08081855E-1	4.03861225E-1
-1.08893365E-1	4.05874759E-1
-1.09047823E-1	4.05555010E-1
-1.08859338E-1	4.05300975E-1
-1.08761929E-1	4.05065179E-1
-1.08769804E-1	4.05115783E-1
-1.08810604E-1	4.05438364E-1
-1.08931117E-1	4.05689567E-1
-1.08924545E-1	4.05429393E-1
-1.08807631E-1	4.05057669E-1
-1.08674102E-1	4.04485911E-1
-1.08543001E-1	4.04358983E-1
-1.08556725E-1	4.04444277E-1
-1.08546458E-1	4.04739052E-1
-1.08763233E-1	4.05377567E-1
-1.08889587E-1	4.05831099E-1
-1.08982272E-1	4.06143188E-1
-1.09027460E-1	4.06237036E-1
-1.09006621E-1	4.06124920E-1
-1.08992219E-1	4.06322867E-1
-1.09078109E-1	4.06629056E-1
-1.09301828E-1	4.08210456E-1
-1.09732985E-1	4.09593016E-1
-1.10191748E-1	4.10547346E-1
-1.10469043E-1	4.12529439E-1
-1.11043796E-1	4.13567007E-1
-1.11580998E-1	4.15452838E-1
-1.11934684E-1	4.16718245E-1
-1.12278968E-1	4.17675048E-1
-1.12461619E-1	4.18491483E-1
-1.12709239E-1	4.18939590E-1
-1.12777427E-1	4.19296026E-1
-1.12894706E-1	4.20020580E-1
-1.13008849E-1	4.20235991E-1
-1.13037437E-1	4.20351297E-1
-1.13147475E-1	4.20712113E-1
-1.13159768E-1	4.20830369E-1
-1.13193139E-1	4.21016783E-1
-1.13260500E-1	4.21490908E-1
-1.13348320E-1	4.21831161E-1
-1.13468267E-1	4.22460794E-1
-1.13677375E-1	4.23636854E-1
-1.14146866E-1	4.24604625E-1
-1.14353441E-1	4.25614536E-1
-1.14892192E-1	4.27444309E-1
-1.14963003E-1	4.27240938E-1
-1.14902049E-1	4.27264065E-1
-1.15071505E-1	4.27337319E-1
-1.14876606E-1	4.27023828E-1
-1.15015544E-1	4.27807957E-1
-1.15170240E-1	4.28373277E-1
-1.15408860E-1	4.28773195E-1
-1.15498997E-1	4.29887533E-1
-1.15746409E-1	4.30560231E-1
-1.15929253E-1	4.30981278E-1
-1.16050914E-1	4.31469560E-1
-1.16146639E-1	4.31899339E-1
-1.16412044E-1	4.32170033E-1
-1.16619200E-1	4.33298290E-1
-1.16791785E-1	4.33977932E-1
-1.16996199E-1	4.34399873E-1
-1.17094919E-1	4.34961587E-1
-1.17208347E-1	4.35048819E-1
-1.17386132E-1	4.35736001E-1
-1.17563784E-1	4.36320931E-1
-1.17883481E-1	4.37442988E-1
-1.18219227E-1	4.38622147E-1
-1.18384048E-1	4.39086497E-1
-1.18490063E-1	4.39732134E-1
-1.18565097E-1	4.39690381E-1
-1.18460007E-1	4.39464182E-1
-1.18456006E-1	4.39568788E-1
-1.18446343E-1	4.39438552E-1
-1.18484072E-1	4.39638376E-1
-1.18581153E-1	4.40012217E-1
-1.18740104E-1	4.40502077E-1
-1.18891135E-1	4.40834671E-1
-1.19006246E-1	4.41161454E-1
-1.19105682E-1	4.41614538E-1
-1.19253308E-1	4.42014724E-1
-1.19409069E-1	4.42864150E-1
-1.19601518E-1	4.43817675E-1
-1.20925061E-1	4.44926113E-1
-1.21010348E-1	4.46772575E-1
-1.21202104E-1	4.48579073E-1
-1.21386424E-1	4.49670881E-1
-1.21657982E-1	4.50747609E-1
-1.22041412E-1	4.52261806E-1
-1.22341789E-1	4.52992141E-1
-1.22530311E-1	4.53732759E-1
-1.22728929E-1	4.53989327E-1
-1.22684643E-1	4.53870863E-1
-1.22725151E-1	4.54672605E-1
-1.23063728E-1	4.56204683E-1
-1.23426668E-1	4.57510799E-1
-1.23969242E-1	4.57988113E-1
-1.24061026E-1	4.58774775E-1
-1.24091431E-1	4.58928287E-1
-1.23928227E-1	4.58310574E-1
-1.24015316E-1	4.58949506E-1
-1.24261655E-1	4.59716141E-1
-1.24423787E-1	4.60593253E-1
-1.24370173E-1	4.59943444E-1
-1.24122307E-1	4.58739638E-1
-1.23189665E-1	4.56116766E-1
-1.22619808E-1	4.53351676E-1
-1.22235663E-1	4.52328742E-1
-1.21724628E-1	4.51363653E-1
-1.21394083E-1	4.50649112E-1
-1.21313609E-1	4.50666904E-1
-1.21348634E-1	4.50785458E-1
-1.21390611E-1	4.50709701E-1
-1.21245325E-1	4.50294018E-1
-1.21156238E-1	4.50005263E-1
-1.21106595E-1	4.49811757E-1
-1.21005125E-1	4.49531376E-1
-1.21002808E-1	4.49419528E-1
-1.20959327E-1	4.49065775E-1
-1.20635286E-1	4.47993964E-1
-1.20508596E-1	4.47794825E-1
-1.20376527E-1	4.47462350E-1
-1.20330796E-1	4.47604626E-1
-1.20443836E-1	4.48003024E-1
-1.20844498E-1	4.49502110E-1
-1.20900869E-1	4.49468672E-1
-1.20901421E-1	4.49323386E-1
-1.20829917E-1	4.48681355E-1
-1.20511383E-1	4.48217392E-1
-1.20688699E-1	4.48889673E-1
-1.21144131E-1	4.50780809E-1
-1.21816769E-1	4.52882886E-1
-1.22135207E-1	4.53717738E-1
-1.22317404E-1	4.54259187E-1
-1.22395456E-1	4.54330236E-1
-1.22307837E-1	4.53961611E-1
-1.22279778E-1	4.54046905E-1
-1.22543439E-1	4.55399156E-1
-1.22979410E-1	4.56886619E-1
-1.23729788E-1	4.59499061E-1
-1.24717660E-1	4.61851954E-1
-1.25340104E-1	4.64474887E-1
-1.25979155E-1	4.65810448E-1
-1.26445070E-1	4.67204481E-1
-1.26790881E-1	4.68655407E-1
-1.27193168E-1	4.69835311E-1
-1.27681926E-1	4.71370667E-1
-1.27997100E-1	4.72585499E-1
-1.28164381E-1	4.73000467E-1
-1.28018230E-1	4.72547889E-1
-1.28013834E-1	4.73701298E-1
-1.28584340E-1	4.75232571E-1
-1.29446536E-1	4.77862149E-1
-1.30045041E-1	4.80684340E-1
-1.30627006E-1	4.81725067E-1
-1.30963773E-1	4.82373923E-1
-1.30965456E-1	4.82313156E-1
-1.30947813E-1	4.82241392E-1
-1.30917564E-1	4.82199222E-1
-1.30806267E-1	4.81860787E-1
-1.30758762E-1	4.81756419E-1
-1.30474001E-1	4.80998874E-1
-1.30304188E-1	4.80769217E-1
-1.30390972E-1	4.81166780E-1
-1.30659819E-1	4.81992573E-1
-1.30986169E-1	4.82853144E-1
-1.31002739E-1	4.82804775E-1
-1.30854070E-1	4.82506245E-1
-1.30765200E-1	4.82168317E-1
-1.30677313E-1	4.81941551E-1
-1.30584106E-1	4.81857717E-1
-1.30600035E-1	4.81581897E-1
-1.30488232E-1	4.81564671E-1
-1.30685136E-1	4.82712746E-1
-1.31088555E-1	4.83611852E-1
-1.31195858E-1	4.83920336E-1
-1.31467864E-1	4.84941155E-1
-1.31698266E-1	4.85347897E-1
-1.31705970E-1	4.85713959E-1
-1.32201821E-1	4.87389117E-1
-1.32750779E-1	4.88921374E-1
-1.33298993E-1	4.90595192E-1
-1.34330362E-1	4.93767887E-1
-1.34942964E-1	4.95599478E-1
-1.35157228E-1	4.96005237E-1
-1.35069832E-1	4.95905429E-1
-1.35001868E-1	4.95808750E-1
-1.34994209E-1	4.96742576E-1
-1.35430887E-1	4.97620761E-1
-1.35858387E-1	4.99141783E-1
-1.36190787E-1	5.01005471E-1
-1.36782259E-1	5.01790762E-1
-1.36943132E-1	5.02842307E-1
-1.37354568E-1	5.03695607E-1
-1.37622148E-1	5.04613340E-1
-1.37786776E-1	5.04887938E-1
-1.37753278E-1	5.04665852E-1
-1.37634054E-1	5.04330218E-1
-1.37724161E-1	5.04891276E-1
-1.38033614E-1	5.05945742E-1
-1.38301149E-1	5.06647289E-1
-1.38652474E-1	5.07686734E-1
-1.39061540E-1	5.08937836E-1
-1.39392063E-1	5.09882569E-1
-1.40053436E-1	5.11692941E-1
-1.40478641E-1	5.12860894E-1
-1.40646428E-1	5.13205409E-1
-1.40683442E-1	5.13062775E-1
-1.40633628E-1	5.13116956E-1
-1.40657589E-1	5.13295472E-1
-1.40748069E-1	5.13757885E-1
-1.41036525E-1	5.14546037E-1
-1.41175717E-1	5.15053809E-1
-1.41422823E-1	5.15489340E-1
-1.41710684E-1	5.16314924E-1
-1.41914994E-1	5.16935289E-1
-1.42406493E-1	5.18375158E-1
-1.43047422E-1	5.19980848E-1
-1.43417478E-1	5.20856857E-1
-1.43641457E-1	5.21681249E-1
-1.43822536E-1	5.21954536E-1
-1.43915519E-1	5.22203743E-1
-1.44083589E-1	5.22699714E-1
-1.44588187E-1	5.23923457E-1
-1.44863203E-1	5.24777174E-1
-1.45206943E-1	5.25331199E-1
-1.45526350E-1	5.26141524E-1
-1.45806551E-1	5.26984513E-1
-1.46222696E-1	5.27654171E-1
-1.46597609E-1	5.28268158E-1
-1.46878645E-1	5.29102445E-1
-1.47109911E-1	5.29725015E-1
-1.47418514E-1	5.30331433E-1
-1.47689790E-1	5.30905306E-1
-1.47817671E-1	5.31153083E-1
-1.48282424E-1	5.32276332E-1
-1.48834646E-1	5.33372939E-1
-1.49187654E-1	5.34079313E-1
-1.49604082E-1	5.34718454E-1
-1.49491772E-1	5.34415841E-1
-1.49433747E-1	5.34237027E-1
-1.49273515E-1	5.34014046E-1
-1.49257153E-1	5.34204543E-1
-1.49390578E-1	5.34400761E-1
-1.49582848E-1	5.34834623E-1
-1.49736404E-1	5.35141706E-1
-1.49845347E-1	5.35261452E-1
-1.50256753E-1	5.35887241E-1
-1.50456965E-1	5.36405563E-1
-1.50526196E-1	5.36572158E-1
-1.50740206E-1	5.37091255E-1
-1.50812343E-1	5.37265539E-1
-1.50879428E-1	5.37560463E-1
-1.51142880E-1	5.38073540E-1
-1.51255250E-1	5.38253129E-1
-1.51334420E-1	5.38559616E-1
-1.51703641E-1	5.39146423E-1
-1.51914746E-1	5.39314628E-1
-1.51947349E-1	5.39399683E-1
-1.52001932E-1	5.39515972E-1
-1.52013093E-1	5.39518535E-1
-1.52177244E-1	5.40183127E-1
-1.52459964E-1	5.40559411E-1
-1.52676404E-1	5.40977597E-1
-1.52835369E-1	5.41086078E-1
-1.52708054E-1	5.40851772E-1
-1.52625501E-1	5.40794671E-1
-1.52436063E-1	5.40268242E-1
-1.52231097E-1	5.40101647E-1
-1.52246237E-1	5.40139019E-1
-1.52248234E-1	5.40229321E-1
-1.52684018E-1	5.41176796E-1
-1.54666856E-1	5.44229805E-1
-1.56007007E-1	5.47142148E-1
-1.58062041E-1	5.49101770E-1
-1.59087539E-1	5.50298274E-1
-1.59041137E-1	5.50107300E-1
-1.58874035E-1	5.50041556E-1
-1.58715650E-1	5.49973667E-1
-1.58652917E-1	5.49993336E-1
-1.58734232E-1	5.50114632E-1
-1.58800766E-1	5.50169289E-1
-1.58820018E-1	5.50228477E-1
-1.58880889E-1	5.50266981E-1
-1.58959016E-1	5.50393522E-1
-1.59123063E-1	5.50770640E-1
-1.59420192E-1	5.51022768E-1
-1.59826115E-1	5.51523745E-1
-1.60029575E-1	5.51831365E-1
-1.60211042E-1	5.51947117E-1
-1.60332680E-1	5.52185953E-1
-1.60484776E-1	5.52379727E-1
-1.60633758E-1	5.52682877E-1
-1.60846099E-1	5.52853584E-1
-1.60970613E-1	5.53045034E-1
-1.61058888E-1	5.53175986E-1
-1.61103889E-1	5.53251445E-1
-1.61277354E-1	5.53411007E-1
-1.61351457E-1	5.53521812E-1
-1.61422238E-1	5.53561151E-1
-1.61555648E-1	5.53688765E-1
-1.61611319E-1	5.53857446E-1
-1.61750212E-1	5.53972542E-1
-1.61871359E-1	5.54138482E-1
-1.61929429E-1	5.54157853E-1
-1.61905393E-1	5.54144204E-1
-1.61858439E-1	5.54070234E-1
-1.61807507E-1	5.54027379E-1
-1.61853045E-1	5.54135799E-1
-1.62020743E-1	5.54334760E-1
-1.62122473E-1	5.54552794E-1
-1.62309363E-1	5.54648519E-1
-1.62397295E-1	5.54734707E-1
-1.62402257E-1	5.54791570E-1
-1.62492484E-1	5.54883122E-1
-1.62553027E-1	5.54998457E-1
-1.62600145E-1	5.55191040E-1
-1.62840351E-1	5.55410326E-1
-1.63118199E-1	5.55700541E-1
-1.63311079E-1	5.55974066E-1
-1.63567811E-1	5.56091726E-1
-1.63662225E-1	5.56163907E-1
-1.63740069E-1	5.56307316E-1
-1.63933247E-1	5.56436479E-1
-1.64146885E-1	5.56664228E-1
-1.64277822E-1	5.56856453E-1
-1.64440349E-1	5.56990445E-1
-1.64651677E-1	5.57181954E-1
-1.64782882E-1	5.57286739E-1
-1.64929882E-1	5.57388186E-1
-1.64998963E-1	5.57438076E-1
-1.65040269E-1	5.57488680E-1
-1.65111035E-1	5.57583690E-1
-1.65273100E-1	5.57694137E-1
-1.65381014E-1	5.57869375E-1
-1.65534765E-1	5.58100402E-1
-1.65786982E-1	5.58235228E-1
-1.66001961E-1	5.58391631E-1
-1.66121975E-1	5.58483899E-1
-1.66242898E-1	5.58535397E-1
-1.66310742E-1	5.58713019E-1
-1.66812077E-1	5.59129000E-1
-1.67152241E-1	5.59398055E-1
-1.67788893E-1	5.60016692E-1
-1.68436423E-1	5.60584247E-1
-1.69080526E-1	5.60879171E-1
-1.69542953E-1	5.61165214E-1
-1.69701353E-1	5.61230183E-1
-1.69688374E-1	5.61224699E-1
-1.69738308E-1	5.61263084E-1
-1.69926763E-1	5.61451018E-1
-1.70197263E-1	5.61538458E-1
-1.70356333E-1	5.61635196E-1
-1.70406431E-1	5.61728358E-1
-1.70552686E-1	5.61801076E-1
-1.70793518E-1	5.61974943E-1
-1.70915201E-1	5.62341511E-1
-1.71557859E-1	5.62581122E-1
-1.72096699E-1	5.62922359E-1
-1.72398329E-1	5.63207805E-1
-1.72803178E-1	5.63318908E-1
-1.73020899E-1	5.63450515E-1
-1.73157230E-1	5.63569605E-1
-1.73367888E-1	5.63646436E-1
-1.73519090E-1	5.63743353E-1
-1.73611298E-1	5.63817918E-1
-1.73708528E-1	5.63830197E-1
-1.73751429E-1	5.63860714E-1
-1.73778266E-1	5.63896120E-1
-1.73823565E-1	5.63919067E-1
-1.73867092E-1	5.63910306E-1
-1.73724949E-1	5.63817322E-1
-1.73672751E-1	5.63838661E-1
-1.73769027E-1	5.63884020E-1
-1.73860908E-1	5.63990772E-1
-1.73602462E-1	5.63797772E-1
-1.73027530E-1	5.63724041E-1
-1.73161089E-1	5.63976467E-1
-1.73767835E-1	5.64458132E-1
-1.75148278E-1	5.64972818E-1
-1.76188603E-1	5.65424442E-1
-1.76890716E-1	5.65588295E-1
-1.77185476E-1	5.65673828E-1
-1.77337676E-1	5.65795004E-1
-1.77520856E-1	5.65924168E-1
-1.77776054E-1	5.65969169E-1
-1.77957207E-1	5.66174507E-1
-1.78220928E-1	5.66266179E-1
-1.78466916E-1	5.66353261E-1
-1.78681716E-1	5.66469669E-1
-1.78796083E-1	5.66562653E-1
-1.78929418E-1	5.66619456E-1
-1.79001138E-1	5.66698968E-1
-1.79123729E-1	5.66761255E-1
-1.79241911E-1	5.66801369E-1
-1.79325745E-1	5.66869795E-1
-1.79476514E-1	5.66929579E-1
-1.79621264E-1	5.66972494E-1
-1.79741979E-1	5.67042828E-1
-1.79900095E-1	5.67105949E-1
-1.80054381E-1	5.67154825E-1
-1.80163801E-1	5.67238569E-1
-1.80405319E-1	5.67344606E-1
-1.80783033E-1	5.67426383E-1
-1.81002870E-1	5.67536473E-1
-1.81325078E-1	5.67621708E-1
-1.81506261E-1	5.67660213E-1
-1.81571171E-1	5.67714512E-1
-1.81760415E-1	5.67777753E-1
-1.81940272E-1	5.67823708E-1
-1.82061911E-1	5.67897141E-1
-1.82257161E-1	5.67967772E-1
-1.82451218E-1	5.68009615E-1
-1.82583869E-1	5.68058729E-1
-1.82820067E-1	5.68132520E-1
-1.83038741E-1	5.68199515E-1
-1.83170602E-1	5.68249702E-1
-1.83416262E-1	5.68322062E-1
-1.83602676E-1	5.68361104E-1
-1.83701828E-1	5.68405628E-1
-1.83819473E-1	5.68434775E-1
-1.83918029E-1	5.68457842E-1
-1.84033975E-1	5.68505466E-1
-1.84157088E-1	5.68577111E-1
-1.84570685E-1	5.68663299E-1
-1.85115144E-1	5.68826199E-1
-1.85503185E-1	5.69004178E-1
-1.86209291E-1	5.69136560E-1
-1.86697796E-1	5.69306195E-1
-1.87110156E-1	5.69474161E-1
-1.87811360E-1	5.69600344E-1
-1.88597113E-1	5.69732726E-1
-1.89194500E-1	5.69928586E-1
-1.89942911E-1	5.70100009E-1
-1.90608025E-1	5.70203543E-1
-1.90954655E-1	5.70327044E-1
-1.91314101E-1	5.70416451E-1
-1.91526428E-1	5.70493102E-1
-1.91670358E-1	5.70585191E-1
-1.91861257E-1	5.70645571E-1
-1.92112491E-1	5.70716977E-1
-1.92237794E-1	5.70795238E-1
-1.92472920E-1	5.70870876E-1
-1.92721516E-1	5.70919633E-1
-1.92904755E-1	5.71019650E-1
-1.93364188E-1	5.71153641E-1
-1.93947732E-1	5.71251810E-1
-1.94371328E-1	5.71402192E-1
-1.95040315E-1	5.71508288E-1
-1.95581421E-1	5.71561873E-1
-1.95891410E-1	5.71625173E-1
-1.96165919E-1	5.71674526E-1
-1.96512267E-1	5.71717024E-1
-1.96805254E-1	5.71773112E-1
-1.97092235E-1	5.71890235E-1
-1.97700813E-1	5.71977675E-1
-1.98049814E-1	5.72093964E-1
-1.98570147E-1	5.72198749E-1
-1.98841870E-1	5.72229445E-1
-1.99001506E-1	5.72279751E-1
-1.99292332E-1	5.72333336E-1
-1.99693158E-1	5.72377801E-1
-1.99916199E-1	5.72445989E-1
-2.00281098E-1	5.72488844E-1
-2.00456411E-1	5.72503269E-1
-2.00467244E-1	5.72519481E-1
-2.00559959E-1	5.72520673E-1
-2.00730160E-1	5.72535992E-1
-2.00896397E-1	5.72573900E-1
-2.01101154E-1	5.72613358E-1
-2.01403737E-1	5.72643161E-1
-2.01693073E-1	5.72697282E-1
-2.01950803E-1	5.72765291E-1
-2.02373594E-1	5.72814941E-1
-2.02693567E-1	5.72887957E-1
-2.02931300E-1	5.72948575E-1
-2.03253001E-1	5.72991788E-1
-2.03675970E-1	5.73059916E-1
-2.03986600E-1	5.73126614E-1
-2.04539001E-1	5.73183179E-1
-2.05210000E-1	5.73273122E-1
-2.05615714E-1	5.73343456E-1
-2.06103384E-1	5.73378265E-1
-2.06243426E-1	5.73395729E-1
-2.06316277E-1	5.73414505E-1
-2.06536129E-1	5.73453248E-1
-2.07031399E-1	5.73502183E-1
-2.07451016E-1	5.73578417E-1
-2.07854986E-1	5.73648155E-1
-2.08359271E-1	5.73686004E-1
-2.08631933E-1	5.73737562E-1
-2.09105834E-1	5.73785603E-1
-2.09565073E-1	5.73824704E-1
-2.09865257E-1	5.73887110E-1
-2.10465193E-1	5.73942840E-1
-2.11010113E-1	5.73989749E-1
-2.11426169E-1	5.74032784E-1
-2.11992919E-1	5.74092269E-1
-2.12380186E-1	5.74125886E-1
-2.12556213E-1	5.74176431E-1
-2.12656379E-1	5.74206650E-1
-2.12606370E-1	5.74215949E-1
-2.12628588E-1	5.74239433E-1
-2.12583452E-1	5.74233770E-1
-2.12154001E-1	5.74211597E-1
-2.11632669E-1	5.74152887E-1
-2.10838050E-1	5.74098706E-1
-2.10131332E-1	5.74081659E-1
-2.09811211E-1	5.74034095E-1
-2.09424883E-1	5.73996961E-1
-2.08984762E-1	5.73985040E-1
-2.08729446E-1	5.73939502E-1
-2.08295926E-1	5.73915720E-1
-2.07812279E-1	5.73885798E-1
-2.07424417E-1	5.73827028E-1
-2.06811294E-1	5.73772371E-1
-2.06232741E-1	5.73737144E-1
-2.05919877E-1	5.73701024E-1
-2.05513641E-1	5.73663354E-1
-2.05166906E-1	5.73639691E-1
-2.04908922E-1	5.73594749E-1
-2.04422340E-1	5.73545396E-1
-2.04060644E-1	5.73520720E-1
-2.03796774E-1	5.73471427E-1
-2.03341007E-1	5.73423862E-1
-2.02864617E-1	5.73391795E-1
-2.02538863E-1	5.73332369E-1
-2.01938182E-1	5.73274255E-1
-2.01420069E-1	5.73236287E-1
-2.01071858E-1	5.73175907E-1
-2.00732291E-1	5.73137224E-1
-2.00346991E-1	5.73107839E-1
-1.99964359E-1	5.73059201E-1
-1.99731275E-1	5.73016822E-1
-1.99258298E-1	5.72975039E-1
-1.98784903E-1	5.72914124E-1
-1.98456779E-1	5.72845995E-1
-1.97861999E-1	5.72794557E-1
-1.97303236E-1	5.72719693E-1
-1.96931496E-1	5.72648823E-1
-1.96370110E-1	5.72600186E-1
-1.95874527E-1	5.72527349E-1
-1.95552126E-1	5.72463453E-1
-1.95046052E-1	5.72414458E-1
-1.94561243E-1	5.72342873E-1
-1.94254622E-1	5.72277308E-1
-1.93696424E-1	5.72217047E-1
-1.93263382E-1	5.72152913E-1
-1.92939401E-1	5.72061896E-1
-1.92268148E-1	5.71988821E-1
-1.91626996E-1	5.71869135E-1
-1.91076472E-1	5.71734190E-1
-1.90316811E-1	5.71648777E-1
-1.89702407E-1	5.71527898E-1
-1.89323962E-1	5.71421385E-1
-1.88814223E-1	5.71354389E-1
-1.88475475E-1	5.71287811E-1
-1.88306794E-1	5.71243286E-1
-1.87996626E-1	5.71199358E-1
-1.87629715E-1	5.71116805E-1
-1.87292874E-1	5.71002841E-1
-1.86712161E-1	5.70914745E-1
-1.86101660E-1	5.70766628E-1
-1.85697645E-1	5.70645750E-1
-1.85195118E-1	5.70568860E-1
-1.84785813E-1	5.70465147E-1
-1.84610412E-1	5.70408642E-1
-1.84364617E-1	5.70364118E-1
-1.84117064E-1	5.70298910E-1
-1.83936819E-1	5.70235670E-1
-1.83722630E-1	5.70173383E-1
-1.83271229E-1	5.70089400E-1
-1.83174223E-1	5.70011675E-1
-1.82830170E-1	5.69956243E-1
-1.82445452E-1	5.69876134E-1
-1.82351470E-1	5.69786608E-1
-1.82000220E-1	5.69731712E-1
-1.81715429E-1	5.69645107E-1
-1.81514382E-1	5.69529295E-1
-1.81006372E-1	5.69425464E-1
-1.80534452E-1	5.69272280E-1
-1.80206895E-1	5.69120944E-1
-1.79733351E-1	5.69038570E-1
-1.79440439E-1	5.68941832E-1
-1.79251462E-1	5.68848073E-1
-1.78899929E-1	5.68770230E-1
-1.78540796E-1	5.68641186E-1
-1.78288162E-1	5.68498313E-1
-1.77805185E-1	5.68387330E-1
-1.77390650E-1	5.68244398E-1
-1.77148953E-1	5.68107009E-1
-1.76691040E-1	5.67991674E-1
-1.76278859E-1	5.67832053E-1
-1.76011205E-1	5.67694008E-1
-1.75759614E-1	5.67635238E-1
-1.75558880E-1	5.67547262E-1
-1.75431103E-1	5.67420542E-1
-1.74990997E-1	5.67287982E-1
-1.74459428E-1	5.67050874E-1
-1.74168020E-1	5.66858470E-1
-1.73730940E-1	5.66756368E-1
-1.73508704E-1	5.66667020E-1
-1.73401102E-1	5.66600621E-1
-1.73267767E-1	5.66568077E-1
-1.73109531E-1	5.66456497E-1
-1.72871590E-1	5.66265166E-1
-1.72431961E-1	5.66118658E-1
-1.71782032E-1	5.65791726E-1
-1.71446666E-1	5.65599442E-1
-1.71091303E-1	5.65475285E-1
-1.70432344E-1	5.65162718E-1
-1.70295313E-1	5.64854801E-1
-1.69635221E-1	5.64593494E-1
-1.69106603E-1	5.64292431E-1
-1.68852642E-1	5.64114511E-1
-1.68552086E-1	5.64007878E-1
-1.68232039E-1	5.63767254E-1
-1.67935446E-1	5.63503742E-1
-1.67490259E-1	5.63297391E-1
-1.67110443E-1	5.63032568E-1
-1.66884288E-1	5.62759399E-1
-1.66589081E-1	5.62695324E-1
-1.66260242E-1	5.62530041E-1
-1.66201666E-1	5.62246680E-1
-1.65804207E-1	5.62141597E-1
-1.65460736E-1	5.61860800E-1
-1.65171698E-1	5.61461687E-1
-1.64713398E-1	5.61306357E-1
-1.64670035E-1	5.61268091E-1
-1.64640814E-1	5.61324775E-1
-1.64848089E-1	5.61431885E-1
-1.64895296E-1	5.61431468E-1
-1.64812133E-1	5.61273515E-1
-1.64454594E-1	5.61034322E-1
-1.63899928E-1	5.60584843E-1
-1.63511887E-1	5.59988260E-1
-1.62828490E-1	5.59629738E-1
-1.62241608E-1	5.59199810E-1
-1.62093699E-1	5.58859468E-1
-1.61879018E-1	5.58782101E-1
-1.61707565E-1	5.58568060E-1
-1.61546990E-1	5.58364332E-1
-1.61253437E-1	5.58178365E-1
-1.60890236E-1	5.57831466E-1
-1.60695687E-1	5.57532609E-1
-1.60353661E-1	5.57300687E-1
-1.60083294E-1	5.56989253E-1
-1.59880117E-1	5.56658685E-1
-1.59580469E-1	5.56452036E-1
-1.59294635E-1	5.56178272E-1
-1.59199357E-1	5.56018472E-1
-1.59042954E-1	5.55927932E-1
-1.58529907E-1	5.55292726E-1
-1.58162549E-1	5.54477215E-1
-1.57650784E-1	5.53779900E-1
-1.56814680E-1	5.53124547E-1
-1.56501055E-1	5.52622080E-1
-1.56291500E-1	5.52316070E-1
-1.56052634E-1	5.52195668E-1
-1.55880719E-1	5.51918149E-1
-1.55828297E-1	5.51612735E-1
-1.55561894E-1	5.51517427E-1
-1.55205801E-1	5.50973296E-1
-1.54921055E-1	5.50344408E-1
-1.54575542E-1	5.49812675E-1
-1.54110089E-1	5.49405396E-1
-1.53816104E-1	5.48815012E-1
-1.53540209E-1	5.48261106E-1
-1.53252363E-1	5.48018754E-1
-1.52737141E-1	5.47071576E-1
-1.52312040E-1	5.46159804E-1
-1.51714310E-1	5.45816422E-1
-1.51160270E-1	5.44836581E-1
-1.50866061E-1	5.44128060E-1
-1.50460988E-1	5.43679714E-1
-1.50258124E-1	5.43158531E-1
-1.50111079E-1	5.42957485E-1
-1.50144115E-1	5.43131232E-1
-1.50022954E-1	5.42818189E-1
-1.49797857E-1	5.42273164E-1
-1.49257362E-1	5.41565299E-1
-1.48454800E-1	5.40190756E-1
-1.48123056E-1	5.39019525E-1
-1.47412851E-1	5.38119555E-1
-1.47057265E-1	5.37120044E-1
-1.46679714E-1	5.36351979E-1
-1.46276802E-1	5.35534859E-1
-1.45941094E-1	5.35176218E-1
-1.45770952E-1	5.34625053E-1
-1.45497322E-1	5.34009039E-1
-1.45284191E-1	5.33678472E-1
-1.45071402E-1	5.32909989E-1
-1.44832164E-1	5.32148659E-1
-1.44463614E-1	5.31585693E-1
-1.43985555E-1	5.30511856E-1
-1.43490702E-1	5.29445291E-1
-1.42730176E-1	5.28255165E-1
-1.42222688E-1	5.26732743E-1
-1.41573757E-1	5.25259972E-1
-1.41143456E-1	5.24391413E-1
-1.40813395E-1	5.23876846E-1
-1.40578374E-1	5.22811830E-1
-1.40056148E-1	5.21841645E-1
-1.39868081E-1	5.21388650E-1
-1.39800847E-1	5.21180391E-1
-1.39698133E-1	5.21144807E-1
-1.39605626E-1	5.20842671E-1
-1.39457226E-1	5.20444095E-1
-1.39296204E-1	5.20105302E-1
-1.39165938E-1	5.19731522E-1
-1.39013931E-1	5.19293845E-1
-1.38831005E-1	5.18819511E-1
-1.38334587E-1	5.17566502E-1
-1.38089120E-1	5.17015457E-1
-1.37986168E-1	5.16894102E-1
-1.38068825E-1	5.16947269E-1
-1.38124675E-1	5.17044783E-1
-1.37978703E-1	5.16681850E-1
-1.37606665E-1	5.15624464E-1
-1.37244225E-1	5.14421284E-1
-1.36682495E-1	5.13451457E-1
-1.36166394E-1	5.12018442E-1
-1.35715812E-1	5.09997368E-1
-1.35115176E-1	5.09474814E-1
-1.34380817E-1	5.07417381E-1
-1.33963063E-1	5.06324589E-1
-1.33581176E-1	5.05669892E-1
-1.32997870E-1	5.04169285E-1
-1.32752508E-1	5.03018081E-1
-1.32226720E-1	5.02233386E-1
-1.32174939E-1	5.02122045E-1
-1.32099330E-1	5.01216888E-1
-1.31520718E-1	5.00229657E-1
-1.30768567E-1	4.98117954E-1
-1.30146131E-1	4.95468378E-1
-1.29492879E-1	4.94612962E-1
-1.29107937E-1	4.93541092E-1
-1.28863350E-1	4.92553592E-1
-1.28678516E-1	4.92345959E-1
-1.28635988E-1	4.92158532E-1
-1.28598318E-1	4.91925776E-1
-1.28498107E-1	4.91730332E-1
-1.28334746E-1	4.91412342E-1
-1.28312618E-1	4.91188318E-1
-1.28144249E-1	4.90859956E-1
-1.28020480E-1	4.90342259E-1
-1.27827689E-1	4.89383578E-1
-1.27604976E-1	4.89065737E-1
-1.27370939E-1	4.88326043E-1
-1.27251387E-1	4.87994403E-1
-1.27085969E-1	4.87762392E-1
-1.26935780E-1	4.87011701E-1
-1.26715541E-1	4.86309737E-1
-1.26488045E-1	4.85672802E-1
-1.26222134E-1	4.85080868E-1
-1.26033351E-1	4.84685898E-1
-1.25862554E-1	4.84188944E-1
-1.25584543E-1	4.83123600E-1
-1.25213161E-1	4.81375307E-1
-1.24655344E-1	4.80403483E-1
-1.24423377E-1	4.79925007E-1
-1.24402925E-1	4.80253011E-1
-1.24529690E-1	4.80462253E-1
-1.24592848E-1	4.80497062E-1
-1.24539353E-1	4.80012327E-1
-1.24291711E-1	4.79392022E-1
-1.23922579E-1	4.77935910E-1
-1.23584457E-1	4.76674855E-1
-1.23093739E-1	4.75684792E-1
-1.22795507E-1	4.74839240E-1
-1.22647852E-1	4.74546015E-1
-1.22494847E-1	4.74055380E-1
-1.22168720E-1	4.73005891E-1
-1.21858411E-1	4.71572340E-1
-1.21311776E-1	4.70451564E-1
-1.20873258E-1	4.69193816E-1
-1.20325781E-1	4.67582285E-1
-1.19943373E-1	4.66416210E-1
-1.19248316E-1	4.63996947E-1
-1.18658423E-1	4.61391777E-1
-1.17915124E-1	4.60004240E-1
-1.17830716E-1	4.60462838E-1
-1.18090369E-1	4.61802959E-1
-1.18383512E-1	4.62266088E-1
-1.18648171E-1	4.62508440E-1
-1.18246898E-1	4.61057633E-1
-1.17844947E-1	4.59808886E-1
-1.17143460E-1	4.57361042E-1
-1.16141982E-1	4.54245120E-1
-1.15500353E-1	4.52287495E-1
-1.14819542E-1	4.50297087E-1
-1.14502966E-1	4.49203581E-1
-1.14296451E-1	4.48860973E-1
-1.14298329E-1	4.48640943E-1
-1.14236735E-1	4.48528975E-1
-1.14220411E-1	4.48504239E-1
-1.13971852E-1	4.47512180E-1
-1.13586113E-1	4.45511043E-1
-1.12951890E-1	4.44221646E-1
-1.12488590E-1	4.43009496E-1
-1.12450413E-1	4.43309277E-1
-1.12882607E-1	4.44442183E-1
-1.12792604E-1	4.44127560E-1
-1.12750545E-1	4.43260342E-1
-1.12430140E-1	4.42145318E-1
-1.11676455E-1	4.40165758E-1
-1.11245595E-1	4.37407017E-1
-1.10526443E-1	4.35825765E-1
-1.09856673E-1	4.33644593E-1
-1.09490812E-1	4.33102101E-1
-1.09363079E-1	4.32877779E-1
-1.09175101E-1	4.32434052E-1
-1.09135516E-1	4.32056725E-1
-1.09038562E-1	4.31890100E-1
-1.08818918E-1	4.31243777E-1
-1.08794935E-1	4.31105226E-1
-1.08828716E-1	4.31288868E-1
-1.08975805E-1	4.31657612E-1
-1.09043069E-1	4.31946129E-1
-1.09083682E-1	4.31916028E-1
-1.09091803E-1	4.31961954E-1
-1.09038502E-1	4.30921733E-1
-1.08692326E-1	4.30345297E-1
-1.08450048E-1	4.29478914E-1
-1.08190544E-1	4.28836733E-1
-1.08116657E-1	4.28959996E-1
-1.08363084E-1	4.29535359E-1
-1.08364426E-1	4.29486543E-1
-1.08226284E-1	4.29171979E-1
-1.07954554E-1	4.28397268E-1
-1.07828036E-1	4.27162737E-1
-1.07450418E-1	4.26498532E-1
-1.07232794E-1	4.25621986E-1
-1.07031792E-1	4.24414158E-1
-1.06697924E-1	4.23809767E-1
-1.06257930E-1	4.22198862E-1
-1.05868906E-1	4.20358151E-1
-1.05233841E-1	4.19044435E-1
-1.04564153E-1	4.16778922E-1
-1.04208969E-1	4.15271163E-1
-1.03746891E-1	4.14274514E-1
-1.03372216E-1	4.13064331E-1
-1.03175983E-1	4.12586123E-1
-1.02898717E-1	4.11882848E-1
-1.02647863E-1	4.11104798E-1
-1.02755874E-1	4.12504196E-1
-1.03034928E-1	4.12459284E-1
-1.03090055E-1	4.12398010E-1
-1.03030480E-1	4.10844922E-1
-1.02354817E-1	4.08905745E-1
-1.01734683E-1	4.06548768E-1
-1.01158999E-1	4.04736847E-1
-9.86820310E-2	4.02858585E-1
-9.85424966E-2	4.00523424E-1
-9.84590203E-2	3.98396224E-1
-9.84913185E-2	3.96792382E-1
-9.84140709E-2	3.96556944E-1
-9.84528363E-2	3.96284729E-1
-9.81851667E-2	3.94856244E-1
-9.76620317E-2	3.93136859E-1
-9.71866176E-2	3.91484678E-1
-9.68518555E-2	3.90488476E-1
-9.64822322E-2	3.89300793E-1
-9.61485282E-2	3.88459951E-1
-9.58848894E-2	3.87263954E-1
-9.55062434E-2	3.86302292E-1
-9.49307084E-2	3.84035051E-1
-9.44676325E-2	3.81620854E-1
-9.37262401E-2	3.79767865E-1
-9.29909870E-2	3.77122492E-1
-9.25470069E-2	3.75155628E-1
-9.19662714E-2	3.73329371E-1
-9.15873349E-2	3.72511327E-1
-9.13412496E-2	3.71300340E-1
-9.10742655E-2	3.70638877E-1
-9.10439491E-2	3.70462358E-1
-9.08131823E-2	3.69190216E-1
-9.03371871E-2	3.68244141E-1
-9.00431126E-2	3.66991192E-1
-8.96779522E-2	3.65089387E-1
-8.93348977E-2	3.64380807E-1
-8.90792608E-2	3.63129199E-1
-8.87675807E-2	3.61541837E-1
-8.84217992E-2	3.60750735E-1
-8.82360414E-2	3.59845877E-1
-8.79936442E-2	3.58122587E-1
-8.75562653E-2	3.56824487E-1
-8.70343745E-2	3.54697227E-1
-8.66516009E-2	3.52666140E-1
-8.62736553E-2	3.51289898E-1
-8.60077143E-2	3.50129992E-1
-8.58072415E-2	3.49578857E-1
-8.56635571E-2	3.48875195E-1
-8.54629725E-2	3.48421901E-1
-8.53695795E-2	3.48021120E-1
-8.52693245E-2	3.47376585E-1
-8.50924999E-2	3.46477270E-1
-8.49144235E-2	3.45904738E-1
-8.45848992E-2	3.44933093E-1
-8.42200965E-2	3.43416572E-1
-8.39976296E-2	3.42266440E-1
-8.38451609E-2	3.41873139E-1
-8.37835670E-2	3.41908991E-1
-8.38917866E-2	3.42506170E-1
-8.40741768E-2	3.42953593E-1
-8.42034370E-2	3.43752831E-1
-8.43857303E-2	3.43940109E-1
-8.39624405E-2	3.42212707E-1
-8.28597993E-2	3.37346941E-1
-8.20532888E-2	3.32257539E-1
-8.07869136E-2	3.28740895E-1
-8.01231489E-2	3.26377243E-1
-7.98841342E-2	3.25009793E-1
-7.94288069E-2	3.22745413E-1
-7.88713992E-2	3.20588499E-1
-7.85172731E-2	3.19341362E-1
-7.80586302E-2	3.18220973E-1
-7.77606815E-2	3.16871762E-1
-7.75914118E-2	3.15994143E-1
-7.73630068E-2	3.15342754E-1
-7.71606863E-2	3.14508647E-1
-7.71295875E-2	3.14493328E-1
-7.70911053E-2	3.14276725E-1
-7.70366713E-2	3.13572049E-1
-7.69355446E-2	3.12868357E-1
-7.66458288E-2	3.12055916E-1
-7.63520002E-2	3.11026335E-1
-7.62622356E-2	3.10301065E-1
-7.59906024E-2	3.09488028E-1
-7.56259114E-2	3.07967365E-1
-7.53742456E-2	3.06135744E-1
-7.50609711E-2	3.05412740E-1
-7.49640465E-2	3.04927617E-1
-7.48032779E-2	3.03762108E-1
-7.44431317E-2	3.02670032E-1
-7.37815201E-2	2.99882770E-1
-7.33131543E-2	2.97206908E-1
-7.26386607E-2	2.95488328E-1
-7.21510425E-2	2.93283284E-1
-7.20081776E-2	2.93462187E-1
-7.19389543E-2	2.92717844E-1
-7.18251467E-2	2.92358041E-1
-7.16945454E-2	2.91472733E-1
-7.14004040E-2	2.90079713E-1
-7.13275596E-2	2.89163500E-1
-7.11836815E-2	2.88257182E-1
-7.05289245E-2	2.85843849E-1
-7.00570717E-2	2.84960508E-1
-6.95577562E-2	2.81556487E-1
-6.91082925E-2	2.80231744E-1
-6.89193234E-2	2.77885824E-1
-6.84379786E-2	2.77539968E-1
-6.83321208E-2	2.77259201E-1
-6.74806684E-2	2.72921652E-1
-6.69724494E-2	2.70830750E-1
-6.59356341E-2	2.67709911E-1
-6.50407299E-2	2.64407724E-1
-6.47611395E-2	2.62876391E-1
-6.46432415E-2	2.62613475E-1
-6.44973740E-2	2.61514157E-1
-6.43172860E-2	2.60348529E-1
-6.39117360E-2	2.58873373E-1
-6.33459762E-2	2.58248478E-1
-6.34477362E-2	2.57929832E-1
-6.32191747E-2	2.57172436E-1
-6.31008372E-2	2.56819367E-1
-6.29449785E-2	2.54528672E-1
-6.23017885E-2	2.53245205E-1
-6.18837774E-2	2.51932144E-1
-6.19488619E-2	2.52949566E-1
-6.22803904E-2	2.53827661E-1
-6.25734702E-2	2.55064309E-1
-6.28188401E-2	2.55641669E-1
-6.27695471E-2	2.54860342E-1
-6.25004321E-2	2.53905296E-1
-6.23467416E-2	2.52984554E-1
-6.20598495E-2	2.52235025E-1
-6.17867298E-2	2.51177877E-1
-6.16191737E-2	2.50282198E-1
-6.13854937E-2	2.49658436E-1
-6.11835606E-2	2.48909444E-1
-6.10617027E-2	2.48117030E-1
-6.08254857E-2	2.47347996E-1
-6.05149493E-2	2.46064529E-1
-6.03124984E-2	2.44920835E-1
-6.00312091E-2	2.44156510E-1
-5.98213412E-2	2.43445009E-1
-5.97576015E-2	2.43019611E-1
-5.96329756E-2	2.42649049E-1
-5.95200919E-2	2.42300808E-1
-5.94363771E-2	2.41571367E-1
-5.93011789E-2	2.41368949E-1
-5.91932796E-2	2.40688518E-1
-5.90965636E-2	2.40061864E-1
-5.89157157E-2	2.39520520E-1
-5.87237775E-2	2.38562182E-1
-5.85427321E-2	2.37712577E-1
-5.81789948E-2	2.36799255E-1
-5.78465834E-2	2.35436618E-1
-5.76209910E-2	2.34070852E-1
-5.72965145E-2	2.33280033E-1
-5.70674166E-2	2.32229486E-1
-5.68232685E-2	2.31007978E-1
-5.66940494E-2	2.30774119E-1
-5.65768480E-2	2.30290294E-1
-5.65173663E-2	2.29903981E-1
-5.63871637E-2	2.29604065E-1
-5.62628843E-2	2.28874326E-1
-5.61537929E-2	2.28383556E-1
-5.59958331E-2	2.27840945E-1
-5.57734407E-2	2.26935938E-1
-5.56233600E-2	2.25967646E-1
-5.53670861E-2	2.25644872E-1
-5.52341715E-2	2.24886328E-1
-5.51080741E-2	2.24329844E-1
-5.49851283E-2	2.23881707E-1
-5.47526889E-2	2.23629326E-1
-5.45588695E-2	2.22079888E-1
-5.44431508E-2	2.21254513E-1
-5.41025400E-2	2.20455706E-1
-5.37619665E-2	2.19410688E-1
-5.36938235E-2	2.18633473E-1
-5.35283126E-2	2.18251854E-1
-5.34437634E-2	2.17893526E-1
-5.33942282E-2	2.17590004E-1
-5.33213019E-2	2.17255503E-1
-5.31755388E-2	2.16836751E-1
-5.30487299E-2	2.16119990E-1
-5.28681763E-2	2.15698004E-1
-5.26964217E-2	2.14981750E-1
-5.25962897E-2	2.14384273E-1
-5.24426885E-2	2.13986948E-1
-5.23487516E-2	2.13313550E-1
-5.21274954E-2	2.12412596E-1
-5.18435314E-2	2.11758956E-1
-5.16346768E-2	2.10519716E-1
-5.13051562E-2	2.09437728E-1
-5.11440411E-2	2.08565235E-1
-5.09469286E-2	2.08084211E-1
-5.07812575E-2	2.07235336E-1
-5.06666638E-2	2.07011297E-1
-5.04917502E-2	2.06354484E-1
-5.03241122E-2	2.05680072E-1
-5.01928031E-2	2.04950377E-1
-4.99084257E-2	2.04025045E-1
-4.97234426E-2	2.02961177E-1
-4.94376756E-2	2.02606231E-1
-4.92603444E-2	2.01534882E-1
-4.89847474E-2	2.00212747E-1
-4.88190837E-2	1.99619964E-1
-4.85831909E-2	1.98746949E-1
-4.83673699E-2	1.98243693E-1
-4.82422635E-2	1.97508469E-1
-4.80144694E-2	1.96628317E-1
-4.77989018E-2	1.95809335E-1
-4.75819036E-2	1.95294023E-1
-4.74459343E-2	1.94500923E-1
-4.72400412E-2	1.93669468E-1
-4.70855460E-2	1.93370312E-1
-4.68134545E-2	1.92240387E-1
-4.65297103E-2	1.90871239E-1
-4.62684743E-2	1.90171212E-1
-4.60806526E-2	1.89383313E-1
-4.57623824E-2	1.87765941E-1
-4.54095453E-2	1.86872706E-1
-4.51751016E-2	1.85968518E-1
-4.48308364E-2	1.84711054E-1
-4.46211845E-2	1.83946893E-1
-4.43233736E-2	1.82310075E-1
-4.39874493E-2	1.81143358E-1
-4.37781997E-2	1.80354908E-1
-4.34394814E-2	1.79125994E-1
-4.31394838E-2	1.78197533E-1
-4.28584367E-2	1.77458480E-1
-4.26781401E-2	1.76524237E-1
-4.24706489E-2	1.75775677E-1
-4.22573164E-2	1.75269589E-1
-4.21747342E-2	1.74928114E-1
-4.20390666E-2	1.74091965E-1
-4.18336987E-2	1.73573956E-1
-4.16914076E-2	1.72982767E-1
-4.14142050E-2	1.71378031E-1
-4.10132967E-2	1.70411140E-1
-4.07519229E-2	1.69479832E-1
-4.04123217E-2	1.68063104E-1
-4.02493477E-2	1.67737961E-1
-4.01536673E-2	1.67531729E-1
-4.00780551E-2	1.67178363E-1
-3.99791077E-2	1.66776195E-1
-3.97653840E-2	1.65987357E-1
-3.95408347E-2	1.65137604E-1
-3.92724313E-2	1.64538950E-1
-3.91113982E-2	1.63190335E-1
-3.87878828E-2	1.62239313E-1
-3.82993668E-2	1.60448790E-1
-3.79780754E-2	1.58697769E-1
-3.75065207E-2	1.57183364E-1
-3.72494645E-2	1.56572729E-1
-3.70463431E-2	1.55955553E-1
-3.68820727E-2	1.55561581E-1
-3.67908143E-2	1.55260339E-1
-3.66447195E-2	1.54677540E-1
-3.65137272E-2	1.54252306E-1
-3.64598446E-2	1.54018641E-1
-3.64053994E-2	1.53929889E-1
-3.63965183E-2	1.53905332E-1
-3.63945030E-2	1.53896287E-1
-3.63927260E-2	1.53886735E-1
-3.63893621E-2	1.53814614E-1
-3.63256186E-2	1.53159916E-1
-3.58909443E-2	1.51273072E-1
-3.53339836E-2	1.49300426E-1
-3.49568389E-2	1.48638323E-1
-3.45515721E-2	1.47307947E-1
-3.43487561E-2	1.45852268E-1
-3.40481028E-2	1.45248637E-1
-3.35430801E-2	1.43391624E-1
-3.30467783E-2	1.41264439E-1
-3.28308381E-2	1.40956312E-1
-3.27466801E-2	1.40699595E-1
-3.25441174E-2	1.39570177E-1
-3.22626382E-2	1.38909608E-1
-3.20715792E-2	1.37963966E-1
-3.18374559E-2	1.37494057E-1
-3.16127539E-2	1.36748418E-1
-3.14566866E-2	1.36170536E-1
-3.11525855E-2	1.35082066E-1
-3.09323948E-2	1.34083167E-1
-3.05491704E-2	1.33370668E-1
-3.02914958E-2	1.31546676E-1
-3.00186481E-2	1.31088719E-1
-2.96448469E-2	1.29844755E-1
-2.93918364E-2	1.29118308E-1
-2.92716101E-2	1.28753692E-1
-2.90937554E-2	1.27867952E-1
-2.88834851E-2	1.27093077E-1
-2.86341291E-2	1.26832485E-1
-2.84986775E-2	1.25843108E-1
-2.82791071E-2	1.24985151E-1
-2.80834101E-2	1.24179743E-1
-2.77168546E-2	1.22921586E-1
-2.73699705E-2	1.22190818E-1
-2.70945933E-2	1.21354766E-1
-2.69523207E-2	1.20986290E-1
-2.68652886E-2	1.20220996E-1
-2.67093945E-2	1.19349986E-1
-2.62386557E-2	1.18091047E-1
-2.56227739E-2	1.15324110E-1
-2.52065733E-2	1.13991693E-1
-2.46609524E-2	1.12384349E-1
-2.42328607E-2	1.11029252E-1
-2.38259621E-2	1.10102877E-1
-2.35519111E-2	1.09092474E-1
-2.31419522E-2	1.07426248E-1
-2.28324290E-2	1.06841259E-1
-2.26433855E-2	1.06298313E-1
-2.25866362E-2	1.06161259E-1
-2.25700606E-2	1.06135033E-1
-2.25639325E-2	1.06058419E-1
-2.25043092E-2	1.05706766E-1
-2.24297643E-2	1.05462305E-1
-2.22770069E-2	1.05092376E-1
-2.22005565E-2	1.04887567E-1
-2.21779291E-2	1.04863204E-1
-2.21752189E-2	1.04829662E-1
-2.21729986E-2	1.04800723E-1
-2.21719705E-2	1.04790948E-1
-2.21717637E-2	1.04702570E-1
-2.19971072E-2	1.04311898E-1
-2.15132982E-2	9.63357016E-2
-2.01025642E-2	9.50780064E-2
-1.93779804E-2	9.41858366E-2
-1.87990740E-2	9.27746743E-2
-1.83893926E-2	9.20711458E-2
-1.81866735E-2	9.16215256E-2
-1.79613940E-2	9.11247358E-2
-1.77701414E-2	9.02752951E-2
-1.76486578E-2	8.98372531E-2
-1.75091941E-2	8.90665129E-2
-1.72658805E-2	8.85834396E-2
-1.70609523E-2	8.78827721E-2
-1.67972017E-2	8.70615393E-2
-1.66316144E-2	8.62239152E-2
-1.63288284E-2	8.54816362E-2
-1.61067210E-2	8.48110095E-2
-1.57958828E-2	8.37872401E-2
-1.54361511E-2	8.25738534E-2
-1.51792401E-2	8.12061206E-2
-1.45289628E-2	7.96145797E-2
-1.41797652E-2	7.90432543E-2
-1.35933422E-2	7.71247298E-2
-1.32401064E-2	7.54147246E-2
-1.27219856E-2	7.36984685E-2
-1.22121787E-2	7.22679123E-2
-1.19163245E-2	7.08714426E-2
-1.14796525E-2	6.99555054E-2
-1.09900506E-2	6.83485046E-2
-1.06262863E-2	6.66094646E-2
-1.00747095E-2	6.60156384E-2
-9.69369244E-3	6.41691834E-2
-9.19098221E-3	6.22689202E-2
-8.78238678E-3	6.13531955E-2
-8.33437871E-3	5.98878898E-2
-8.03381670E-3	5.83448485E-2
-7.56285293E-3	5.78367263E-2
-7.25102471E-3	5.62474467E-2
-6.84520835E-3	5.46266437E-2
-6.51763240E-3	5.42523563E-2
-6.23912876E-3	5.27001470E-2
-5.59187680E-3	5.05551361E-2
-5.24206087E-3	4.92575392E-2
-4.84419288E-3	4.80001532E-2
-4.29301057E-3	4.61837724E-2
-3.79695790E-3	4.44795862E-2
-3.37206735E-3	4.32562344E-2
-3.14731500E-3	4.26548682E-2
-3.08803096E-3	4.24440615E-2
-3.03235138E-3	4.19726484E-2
-2.82845320E-3	4.06907201E-2
-2.38636066E-3	3.94511297E-2
-1.87559274E-3	3.81776728E-2
-1.46031263E-3	3.61935012E-2
-1.32078875E-3	3.57853547E-2
-1.26588193E-3	3.56513895E-2
-1.24316674E-3	3.54227088E-2
-1.20920793E-3	3.52636985E-2
-1.05726498E-3	3.47329415E-2
-6.97459909E-4	3.27321216E-2
-4.57996823E-4	3.17184143E-2
-1.08214830E-4	3.04038096E-2
1.63490477E-5	3.00715119E-2
1.47865067E-5	3.00175995E-2
1.52862485E-5	2.99473461E-2
1.54518857E-5	2.98985634E-2
1.55332928E-5	2.98653413E-2
1.55926537E-5	2.98306327E-2
1.56316655E-5	2.97731664E-2
1.56961160E-5	2.97670551E-2
1.56452406E-5	2.97507495E-2
1.57170361E-5	2.97424961E-2
1.58233161E-5	2.97323205E-2
1.59216816E-5	2.97165718E-2
1.60375730E-5	2.97070630E-2
1.60596192E-5	2.96957549E-2
1.59900846E-5	2.96832882E-2
1.60703603E-5	2.96735391E-2
1.61121952E-5	2.96698473E-2
1.61020180E-5	2.96670962E-2
1.61726839E-5	2.96613518E-2
1.62829201E-5	2.96558477E-2
1.63354962E-5	2.96486747E-2
1.63626319E-5	2.96438560E-2
1.63756340E-5	2.96372194E-2
1.65022648E-5	2.96328552E-2
1.65864967E-5	2.96267867E-2
1.66079790E-5	2.96231210E-2
1.66752525E-5	2.96184737E-2
1.65152669E-5	2.96102706E-2
1.67029539E-5	2.96080355E-2
1.68307160E-5	2.95999404E-2
1.68488059E-5	2.95970831E-2
1.68510669E-5	2.95958333E-2
1.68182778E-5	2.95960810E-2
1.67396993E-5	2.95976419E-2
1.66905156E-5	2.95979008E-2
1.67052149E-5	2.95970794E-2
1.71913889E-5	2.95959078E-2
1.76148133E-5	2.95949057E-2
1.90863411E-5	2.95894034E-2
1.95821267E-5	2.95856260E-2
1.99122733E-5	2.95825880E-2
2.01491421E-5	2.95800883E-2
1.93333872E-5	2.95794550E-2
1.94549302E-5	2.95784399E-2
1.94085751E-5	2.95769051E-2
1.94340137E-5	2.95751281E-2
1.93441283E-5	2.95742601E-2
1.94023560E-5	2.95722280E-2
1.92333264E-5	2.95682158E-2
1.92604602E-5	2.95672193E-2
1.92451971E-5	2.95675285E-2
1.93548694E-5	2.95675378E-2
1.94368404E-5	2.95681898E-2
1.95911725E-5	2.95686685E-2
1.94871536E-5	2.95682214E-2
1.95092016E-5	2.95671299E-2
1.93559990E-5	2.95659248E-2
1.93294291E-5	2.95653287E-2
1.92847692E-5	2.95640882E-2
1.93916148E-5	2.95633450E-2
1.94809345E-5	2.95602456E-2
1.95227694E-5	2.95567997E-2
1.97415484E-5	2.95557957E-2
1.98048638E-5	2.95547619E-2
1.96477049E-5	2.95542181E-2
1.97144127E-5	2.95544304E-2
1.95227694E-5	2.95531806E-2
1.95216380E-5	2.95536779E-2
1.95086359E-5	2.95363478E-2
4.01512734E-5	2.93493345E-2
1.37308190E-4	2.91979667E-2
2.84473354E-4	2.79531609E-2
5.47216972E-4	2.72966996E-2
7.91093684E-4	2.66522449E-2
9.46479733E-4	2.57408302E-2
1.23822771E-3	2.45752521E-2
1.41089666E-3	2.38082334E-2
1.70003448E-3	2.26915851E-2
1.95225014E-3	2.17132382E-2
2.10979581E-3	2.14014687E-2
2.43581738E-3	1.98619962E-2
2.80866772E-3	1.90690439E-2
3.07710515E-3	1.79212801E-2
3.49238166E-3	1.69496723E-2
3.88101512E-3	1.61250625E-2
4.17291699E-3	1.55647593E-2
4.61059855E-3	1.50669999E-2
4.85853478E-3	1.44864051E-2
5.10993320E-3	1.41129056E-2
5.30380057E-3	1.38127571E-2
5.54887811E-3	1.34257646E-2
5.78222191E-3	1.32658007E-2
6.06873911E-3	1.27504608E-2
6.48361817E-3	1.23204608E-2
6.87000901E-3	1.20475031E-2
7.28670787E-3	1.15772653E-2
7.68912397E-3	1.12858946E-2
8.04210640E-3	1.10923043E-2
8.69921222E-3	1.09800603E-2
9.11634509E-3	1.09026330E-2
9.70235933E-3	1.09141646E-2
1.01298485E-2	1.10357925E-2
1.03457076E-2	1.12774698E-2
1.04701715E-2	1.14473924E-2
1.06744887E-2	1.18404208E-2
1.09249419E-2	1.24226352E-2
1.11141996E-2	1.29202800E-2
1.14061665E-2	1.38382297E-2
1.17664617E-2	1.52749950E-2
1.20239947E-2	1.58815980E-2
1.24164121E-2	1.87215488E-2
1.27645005E-2	2.06433199E-2
1.29301036E-2	2.17250250E-2
1.31763350E-2	2.32009050E-2
1.34880813E-2	2.49677580E-2
1.37172602E-2	2.63465978E-2
1.41401384E-2	2.85396818E-2
1.44935343E-2	3.03583071E-2
1.46928160E-2	3.08782607E-2
1.49451643E-2	3.22010592E-2
1.51200164E-2	3.33802551E-2
1.52325677E-2	3.36504802E-2
1.54809747E-2	3.51243503E-2
1.57373119E-2	3.58762369E-2
1.58933066E-2	3.69507484E-2
1.61459744E-2	3.79003994E-2
1.62785687E-2	3.87622751E-2
1.64846182E-2	3.92901227E-2
1.66907739E-2	4.01836969E-2
1.69550348E-2	4.12565209E-2
1.71208773E-2	4.19933721E-2
1.73255596E-2	4.28567231E-2
1.76363308E-2	4.42689545E-2
1.78497694E-2	4.45436090E-2
1.80604216E-2	4.57262732E-2
1.81878097E-2	4.64512594E-2
1.82865877E-2	4.67256457E-2
1.84551422E-2	4.79627810E-2
1.86724234E-2	4.90469001E-2
1.88572649E-2	4.98877764E-2
1.91550460E-2	5.11678085E-2
1.94440540E-2	5.25224693E-2
1.96465980E-2	5.35310656E-2
1.99732464E-2	5.51143177E-2
2.01742705E-2	5.65731451E-2
2.04784647E-2	5.75521179E-2
2.07655225E-2	5.88615164E-2
2.09261402E-2	6.00827225E-2
2.11784784E-2	6.09814562E-2
2.14506667E-2	6.23839907E-2
2.16983669E-2	6.36881292E-2
2.18632724E-2	6.41095564E-2
2.20775846E-2	6.52547777E-2
2.22598929E-2	6.65647835E-2
2.24282797E-2	6.73975945E-2
2.26716176E-2	6.85624704E-2
2.28653718E-2	6.94905668E-2
2.29605008E-2	7.00335875E-2
2.31222380E-2	7.09368438E-2
2.32814737E-2	7.17005283E-2
2.35966705E-2	7.32490644E-2
2.39863135E-2	7.44142085E-2
2.41974704E-2	7.64872357E-2
2.45019961E-2	7.74956793E-2
2.47769598E-2	7.87392482E-2
2.49737874E-2	8.01180005E-2
2.53111888E-2	8.11171904E-2
2.56750770E-2	8.26296806E-2
2.60256007E-2	8.40690061E-2
2.62473579E-2	8.45154300E-2
2.66066790E-2	8.62241760E-2
2.68947855E-2	8.72692093E-2
2.70562880E-2	8.78748596E-2
2.72621494E-2	8.84107724E-2
2.74869241E-2	8.92909989E-2
2.76733637E-2	9.03818980E-2
2.80436818E-2	9.07515883E-2
2.81361919E-2	9.26630124E-2
2.84010842E-2	9.30289105E-2
2.85792407E-2	9.46962684E-2
2.89438143E-2	9.56191421E-2
2.92872265E-2	9.64111388E-2
2.94994023E-2	9.76309553E-2
2.98018754E-2	9.86449197E-2
3.00402269E-2	9.92341489E-2
3.03131286E-2	1.00576736E-1
3.05740628E-2	1.01489559E-1
3.07372045E-2	1.02093130E-1
3.09934821E-2	1.02650426E-1
3.12681757E-2	1.03896402E-1
3.14560980E-2	1.04547329E-1
3.16435695E-2	1.05163872E-1
3.18996795E-2	1.06236339E-1
3.21024433E-2	1.06727496E-1
3.22561748E-2	1.07516557E-1
3.24895717E-2	1.08199172E-1
3.26716490E-2	1.08388305E-1
3.27762291E-2	1.09003276E-1
3.28743570E-2	1.09393694E-1
3.30110304E-2	1.09797344E-1
3.32342163E-2	1.10580727E-1
3.34149189E-2	1.11202024E-1
3.36734951E-2	1.11762829E-1
3.38725857E-2	1.12621278E-1
3.39745916E-2	1.12983316E-1
3.41141373E-2	1.13575883E-1
3.43236327E-2	1.14436410E-1
3.45725454E-2	1.15349159E-1
3.47527526E-2	1.16107091E-1
3.49562652E-2	1.17130227E-1
3.52519192E-2	1.18156247E-1
3.55321579E-2	1.18468769E-1
3.58023793E-2	1.21046618E-1
3.60769778E-2	1.21220842E-1
3.62541154E-2	1.21684834E-1
3.66123356E-2	1.22578025E-1
3.68457846E-2	1.23690747E-1
3.71738821E-2	1.24352433E-1
3.74603234E-2	1.25291511E-1
3.76865938E-2	1.26132220E-1
3.78544852E-2	1.26747668E-1
3.80579233E-2	1.27940774E-1
3.84283438E-2	1.28822744E-1
3.88187356E-2	1.30090311E-1
3.92088555E-2	1.31459236E-1
3.95799540E-2	1.32697076E-1
3.97977978E-2	1.33455947E-1
4.01387326E-2	1.34595692E-1
4.04197350E-2	1.35231242E-1
4.06005234E-2	1.36203796E-1
4.08041552E-2	1.37352258E-1
4.13173363E-2	1.38933748E-1
4.16682810E-2	1.40140876E-1
4.21756618E-2	1.41819045E-1
4.24370207E-2	1.42945990E-1
4.26776335E-2	1.43220603E-1
4.27197181E-2	1.43524274E-1
4.28455882E-2	1.44255161E-1
4.30898704E-2	1.44971862E-1
4.33381051E-2	1.46501943E-1
4.39278334E-2	1.48022264E-1
4.41777483E-2	1.48897335E-1
4.44256924E-2	1.50291681E-1
4.48315032E-2	1.51930436E-1
4.53385226E-2	1.53243706E-1
4.59450372E-2	1.55382961E-1
4.63034026E-2	1.57105669E-1
4.67045940E-2	1.57855049E-1
4.69408743E-2	1.58712998E-1
4.72204089E-2	1.59451261E-1
4.75149229E-2	1.61136463E-1
4.80375700E-2	1.63215995E-1
4.86306734E-2	1.65373191E-1
4.89591993E-2	1.66508421E-1
4.93937396E-2	1.68187410E-1
4.96973246E-2	1.69279873E-1
5.01037426E-2	1.70771897E-1
5.05175292E-2	1.72257215E-1
5.08038141E-2	1.72893807E-1
5.09853810E-2	1.73877805E-1
5.12254164E-2	1.74814403E-1
5.14391325E-2	1.75745413E-1
5.16122207E-2	1.76379457E-1
5.18641137E-2	1.77381828E-1
5.21712825E-2	1.78600058E-1
5.23988754E-2	1.79439217E-1
5.29112555E-2	1.80952474E-1
5.33717610E-2	1.82682723E-1
5.35329059E-2	1.83837414E-1
5.42707667E-2	1.85956672E-1
5.46471439E-2	1.87874183E-1
5.49628064E-2	1.88904703E-1
5.53486980E-2	1.90243408E-1
5.56520596E-2	1.91287309E-1
5.57833314E-2	1.91794619E-1
5.60497791E-2	1.92917556E-1
5.64507879E-2	1.94501698E-1
5.67775108E-2	1.95846349E-1
5.73270917E-2	1.97981417E-1
5.77793494E-2	1.99677184E-1
5.79957515E-2	2.00114891E-1
5.82000166E-2	2.01135486E-1
5.84241338E-2	2.02185437E-1
5.85213564E-2	2.02974796E-1
5.89586571E-2	2.04275399E-1
5.93710616E-2	2.05834374E-1
5.96721694E-2	2.06923708E-1
6.01136126E-2	2.09165797E-1
6.05244190E-2	2.10163251E-1
6.07505068E-2	2.11014330E-1
6.10498078E-2	2.12591618E-1
6.13643415E-2	2.13448316E-1
6.15897216E-2	2.14821041E-1
6.19108975E-2	2.15944007E-1
6.21336401E-2	2.16724709E-1
6.22317083E-2	2.17075005E-1
6.23771809E-2	2.17659891E-1
6.26040325E-2	2.18345463E-1
6.26704171E-2	2.18887776E-1
6.29440174E-2	2.20044583E-1
6.32709116E-2	2.21253112E-1
6.33351207E-2	2.22076759E-1
6.36852831E-2	2.22983137E-1
6.39955103E-2	2.24600002E-1
6.43462017E-2	2.25102916E-1
6.45914823E-2	2.26450473E-1
6.47475049E-2	2.27022186E-1
6.47872165E-2	2.27487668E-1
6.49843216E-2	2.28371888E-1
6.51935041E-2	2.28910759E-1
6.54366687E-2	2.29966655E-1
6.57273009E-2	2.31126711E-1
6.60117641E-2	2.32325926E-1
6.61173314E-2	2.32747823E-1
6.64285272E-2	2.34023273E-1
6.67335093E-2	2.35184684E-1
6.68466911E-2	2.36019328E-1
6.73498362E-2	2.37508178E-1
6.77571520E-2	2.39514649E-1
6.80179149E-2	2.40504906E-1
6.84332922E-2	2.41998136E-1
6.86604306E-2	2.43187547E-1
6.88583478E-2	2.44171456E-1
6.92384243E-2	2.45751366E-1
6.96899891E-2	2.47085601E-1
6.98687509E-2	2.47810677E-1
7.00330958E-2	2.48279035E-1
7.00291693E-2	2.48143390E-1
6.99630380E-2	2.48034358E-1
6.99727014E-2	2.47851580E-1
6.96542785E-2	2.46738136E-1
6.94728196E-2	2.46125847E-1
6.91979602E-2	2.45101571E-1
6.90034628E-2	2.44846761E-1
6.90528080E-2	2.45060548E-1
6.91293105E-2	2.45343685E-1
6.92265481E-2	2.45755315E-1
6.93423823E-2	2.46537656E-1
6.95628896E-2	2.47350931E-1
6.98902234E-2	2.47990236E-1
6.99564964E-2	2.48740569E-1
7.00943246E-2	2.49130502E-1
7.02193975E-2	2.49345750E-1
7.02372864E-2	2.49439776E-1
7.02605024E-2	2.49700397E-1
7.05045536E-2	2.50412762E-1
7.07736909E-2	2.52057970E-1
7.13283494E-2	2.54303992E-1
7.18962476E-2	2.55849868E-1
7.21808076E-2	2.57450551E-1
7.24955872E-2	2.58533269E-1
7.27347806E-2	2.59099871E-1
7.29024708E-2	2.60328144E-1
7.31462836E-2	2.60950416E-1
7.34082609E-2	2.62059391E-1
7.37692490E-2	2.63598949E-1
7.40829334E-2	2.65564561E-1
7.45844245E-2	2.66870886E-1
7.51380771E-2	2.69171447E-1
7.54803941E-2	2.71047473E-1
7.59023502E-2	2.72231787E-1
7.63863102E-2	2.74217725E-1
7.68157914E-2	2.75402248E-1
7.70517364E-2	2.76414245E-1
7.74293542E-2	2.78509408E-1
7.77899772E-2	2.80026227E-1
7.80225173E-2	2.81018108E-1
7.84164146E-2	2.82577872E-1
7.87459612E-2	2.83881962E-1
7.89940357E-2	2.84867704E-1
7.92478472E-2	2.85562038E-1
7.92664364E-2	2.85530537E-1
7.93322846E-2	2.85915941E-1
7.94790983E-2	2.86601365E-1
7.98220560E-2	2.88196057E-1
8.02244097E-2	2.89893329E-1
8.07183012E-2	2.91886538E-1
8.14897940E-2	2.96379805E-1
8.24408978E-2	3.00372809E-1
8.39036256E-2	3.06195408E-1
8.53179619E-2	3.11636627E-1
8.59485194E-2	3.13005269E-1
8.64722431E-2	3.14849764E-1
8.67942795E-2	3.16288382E-1
8.69222283E-2	3.17260921E-1
8.73335823E-2	3.18937480E-1
8.76942128E-2	3.20168883E-1
8.79409090E-2	3.20804030E-1
8.81752744E-2	3.21800977E-1
8.82730037E-2	3.22525680E-1
8.84404108E-2	3.23246747E-1
8.87466967E-2	3.24496776E-1
8.89627934E-2	3.25433910E-1
8.90678167E-2	3.26004893E-1
8.91360343E-2	3.25673014E-1
8.88820961E-2	3.25210333E-1
8.89672562E-2	3.25957894E-1
8.90554041E-2	3.27377886E-1
8.98319930E-2	3.29204410E-1
9.01101902E-2	3.31473321E-1
9.08301994E-2	3.35195512E-1
9.17106122E-2	3.36908638E-1
9.21076909E-2	3.39363813E-1
9.27294344E-2	3.40876281E-1
9.33969393E-2	3.43435884E-1
9.38551351E-2	3.45916718E-1
9.43843350E-2	3.47649425E-1
9.47253108E-2	3.48497778E-1
9.49154720E-2	3.49336147E-1
9.51805711E-2	3.50019395E-1
9.53751281E-2	3.51089865E-1
9.55569893E-2	3.51781547E-1
9.59576294E-2	3.53301138E-1
9.66095850E-2	3.56189579E-1
9.73210484E-2	3.60178649E-1
9.84181985E-2	3.64141911E-1
9.94832888E-2	3.66502285E-1
1.00209661E-1	3.69047642E-1
1.00765489E-1	3.70535374E-1
1.01206094E-1	3.73087823E-1
1.01945601E-1	3.75838310E-1
1.02446452E-1	3.78358424E-1
1.03119746E-1	3.79800200E-1
1.03696585E-1	3.81736338E-1
1.04193158E-1	3.82906616E-1
1.04464047E-1	3.84508878E-1
1.04992136E-1	3.85829538E-1
1.05550356E-1	3.88534784E-1
1.05955571E-1	3.90025586E-1
1.06736355E-1	3.92803103E-1
1.07474640E-1	3.94449085E-1
1.07966982E-1	3.97240818E-1
1.08803041E-1	4.00230914E-1
1.09436996E-1	4.01604146E-1
1.09838888E-1	4.03874010E-1
1.10467203E-1	4.05210763E-1
1.10739358E-1	4.07522619E-1
1.11370921E-1	4.09150153E-1
1.12164989E-1	4.10903960E-1
1.13040514E-1	4.14954901E-1
1.13583736E-1	4.16673243E-1
1.14242189E-1	4.18796301E-1
1.14746802E-1	4.20069784E-1
1.14845656E-1	4.20765191E-1
1.14956878E-1	4.21237379E-1
1.15091220E-1	4.21686471E-1
1.15060560E-1	4.21833098E-1
1.15231633E-1	4.22559530E-1
1.15337685E-1	4.23593044E-1
1.15699381E-1	4.24672961E-1
1.16284750E-1	4.26067621E-1
1.16835438E-1	4.30741519E-1
1.17975354E-1	4.33327973E-1
1.20400816E-1	4.37103540E-1
1.20462433E-1	4.40038681E-1
1.20706916E-1	4.41340476E-1
1.21255837E-1	4.44400370E-1
1.21914551E-1	4.47696537E-1
1.23205677E-1	4.50012654E-1
1.24044351E-1	4.54361677E-1
1.24815762E-1	4.57783222E-1
1.26134515E-1	4.60044891E-1
1.26791641E-1	4.63358879E-1
1.27619520E-1	4.65080976E-1
1.28347412E-1	4.67522472E-1
1.28938287E-1	4.70467389E-1
1.29668221E-1	4.72545952E-1
1.30143225E-1	4.73591417E-1
1.30485281E-1	4.75205541E-1
1.30888581E-1	4.76826131E-1
1.31430134E-1	4.78164107E-1
1.31867036E-1	4.80474442E-1
1.32581294E-1	4.82293904E-1
1.33457094E-1	4.85343009E-1
1.34061471E-1	4.88136113E-1
1.35062784E-1	4.90738869E-1
1.35689154E-1	4.92699802E-1
1.36560649E-1	4.95450258E-1
1.37230560E-1	4.97646689E-1
1.38309076E-1	5.00605941E-1
1.39059976E-1	5.02766073E-1
1.39834046E-1	5.04178703E-1
1.40386298E-1	5.06436586E-1
1.41256660E-1	5.08899987E-1
1.41991451E-1	5.10116398E-1
1.42265037E-1	5.11222482E-1
1.42535567E-1	5.12483716E-1
1.43340364E-1	5.14010251E-1
1.43800214E-1	5.15292585E-1
1.44878983E-1	5.17924547E-1
1.45669356E-1	5.19763649E-1
1.46181673E-1	5.20969331E-1
1.47015244E-1	5.22247076E-1
1.47516295E-1	5.24449289E-1
1.48111388E-1	5.25257707E-1
1.48417443E-1	5.26113093E-1
1.48654699E-1	5.26305079E-1
1.48732498E-1	5.26604354E-1
1.48825601E-1	5.26890755E-1
1.48859009E-1	5.27068436E-1
1.48880392E-1	5.27190149E-1
1.48910478E-1	5.27380168E-1
1.48989469E-1	5.27612448E-1
1.49031743E-1	5.27739286E-1
1.49124876E-1	5.28052509E-1
1.49327174E-1	5.28584957E-1
1.49684697E-1	5.29158652E-1
1.50014624E-1	5.30162930E-1
1.50648087E-1	5.31045973E-1
1.50901347E-1	5.31520307E-1
1.51239112E-1	5.32080114E-1
1.51587844E-1	5.32721996E-1
1.51871189E-1	5.33257067E-1
1.52447850E-1	5.34326851E-1
1.53022617E-1	5.35396814E-1
1.53414115E-1	5.36422372E-1
1.53957427E-1	5.37091255E-1
1.54512882E-1	5.38037062E-1
1.54929936E-1	5.39061010E-1
1.55592784E-1	5.40133834E-1
1.56289026E-1	5.41224003E-1
1.56787261E-1	5.41955411E-1
1.57677263E-1	5.43217838E-1
1.58283800E-1	5.44402778E-1
1.59222513E-1	5.45173883E-1
1.60279244E-1	5.46449602E-1
1.61366984E-1	5.48137844E-1
1.62181869E-1	5.49078882E-1
1.63504243E-1	5.50409377E-1
1.64383113E-1	5.51665366E-1
1.65684208E-1	5.52494407E-1
1.66826561E-1	5.53510487E-1
1.67859018E-1	5.54386318E-1
1.68187976E-1	5.54910719E-1
1.69435218E-1	5.55815399E-1
1.70337275E-1	5.56237757E-1
1.70938060E-1	5.56890249E-1
1.71530083E-1	5.57272792E-1
1.72070220E-1	5.57531595E-1
1.72254086E-1	5.57759821E-1
1.72893599E-1	5.58130026E-1
1.73479885E-1	5.58492064E-1
1.74352869E-1	5.58973610E-1
1.75222978E-1	5.59360206E-1
1.75401390E-1	5.59482336E-1
1.75736040E-1	5.59683979E-1
1.75802246E-1	5.59859693E-1
1.75837323E-1	5.59834003E-1
1.75512224E-1	5.59687912E-1
1.74892336E-1	5.59536397E-1
1.74680561E-1	5.59512138E-1
1.74827620E-1	5.59785128E-1
1.75778061E-1	5.60279429E-1
1.76800638E-1	5.60565889E-1
1.77438363E-1	5.60843587E-1
1.78040951E-1	5.61128974E-1
1.78449631E-1	5.61273456E-1
1.78949639E-1	5.61420619E-1
1.79962501E-1	5.61921239E-1
1.80991113E-1	5.62283814E-1
1.83170274E-1	5.62768638E-1
1.84875548E-1	5.63774884E-1
1.87693626E-1	5.64306498E-1
1.90468743E-1	5.64982891E-1
1.92758933E-1	5.65462589E-1
1.94549933E-1	5.65709651E-1
1.95402130E-1	5.66014767E-1
1.96914136E-1	5.66219091E-1
1.98922336E-1	5.66597104E-1
2.00162232E-1	5.66933155E-1
2.01425642E-1	5.67145526E-1
2.01824397E-1	5.67223549E-1
2.02321261E-1	5.67331016E-1
2.03020945E-1	5.67418516E-1
2.03515425E-1	5.67461789E-1
2.03855664E-1	5.67516148E-1
2.04079479E-1	5.67522824E-1
2.04646274E-1	5.67575753E-1
2.05562487E-1	5.67648768E-1
2.06513628E-1	5.67755401E-1
2.07146138E-1	5.67813993E-1
2.08128318E-1	5.67909002E-1
2.09408194E-1	5.68060279E-1
2.11941093E-1	5.68191648E-1
2.13772580E-1	5.68386078E-1
2.15968683E-1	5.68520427E-1
2.16934144E-1	5.68566620E-1
2.17036813E-1	5.68592131E-1
2.16744691E-1	5.68615317E-1
2.16897756E-1	5.68637073E-1
2.16894448E-1	5.68659246E-1
2.16894925E-1	5.68677127E-1
2.16949210E-1	5.68691313E-1
2.17113420E-1	5.68735719E-1
2.17696682E-1	5.68797112E-1
2.18552023E-1	5.68834066E-1
2.18657807E-1	5.68862557E-1
2.18221605E-1	5.68850040E-1
2.17853516E-1	5.68840325E-1
2.17615679E-1	5.68836749E-1
2.17751637E-1	5.68849385E-1
2.18332440E-1	5.68871439E-1
2.18902096E-1	5.68913341E-1
2.19375774E-1	5.68937242E-1
2.19794780E-1	5.68953693E-1
2.20087886E-1	5.68978727E-1
2.20455781E-1	5.69008410E-1
2.20920205E-1	5.69036365E-1
2.21124992E-1	5.69076717E-1
2.21646026E-1	5.69114506E-1
2.23498940E-1	5.69165707E-1
2.24725276E-1	5.69223404E-1
2.25604594E-1	5.69257319E-1
2.26446435E-1	5.69266260E-1
2.26243690E-1	5.69247842E-1
2.26069912E-1	5.69247782E-1
2.26170614E-1	5.69257736E-1
2.26440698E-1	5.69272935E-1
2.26506904E-1	5.69278955E-1
2.27359086E-1	5.69292128E-1
2.28003770E-1	5.69308698E-1
2.28716373E-1	5.69323719E-1
2.29863450E-1	5.69335282E-1
2.30671585E-1	5.69351852E-1
2.31403753E-1	5.69383562E-1
2.32695252E-1	5.69398820E-1
2.33301640E-1	5.69451153E-1
2.33742759E-1	5.69479048E-1
2.34496623E-1	5.69486320E-1
2.34573647E-1	5.69501281E-1
2.34812409E-1	5.69523215E-1
2.34832332E-1	5.69531918E-1
2.34866634E-1	5.69564044E-1
2.35082775E-1	5.69585204E-1
2.35121205E-1	5.69594502E-1
2.35021919E-1	5.69595754E-1
2.33731985E-1	5.69585145E-1
2.32826486E-1	5.69578350E-1
2.32264444E-1	5.69575250E-1
2.31788948E-1	5.69582880E-1
2.32819498E-1	5.69588900E-1
2.33226553E-1	5.69591224E-1
2.33523890E-1	5.69586217E-1
2.32941777E-1	5.69574952E-1
2.31843933E-1	5.69551706E-1
2.30076686E-1	5.69526017E-1
2.28623673E-1	5.69510221E-1
2.27721587E-1	5.69485545E-1
2.26645023E-1	5.69468737E-1
2.25769207E-1	5.69457889E-1
2.25170061E-1	5.69438636E-1
2.24418297E-1	5.69426537E-1
2.23693877E-1	5.69423199E-1
2.22874910E-1	5.69405794E-1
2.21996099E-1	5.69388926E-1
2.21433863E-1	5.69383621E-1
2.20716074E-1	5.69367707E-1
2.20287830E-1	5.69356203E-1
2.19998896E-1	5.69353342E-1
2.19467819E-1	5.69345474E-1
2.18777701E-1	5.69329321E-1
2.18231484E-1	5.69313645E-1
2.17359751E-1	5.69278479E-1
2.16739103E-1	5.69239974E-1
2.15894073E-1	5.69215536E-1
2.15216860E-1	5.69184780E-1
2.14859858E-1	5.69171309E-1
2.14773327E-1	5.69166064E-1
2.14538008E-1	5.69149971E-1
2.14006722E-1	5.69123089E-1
2.13552579E-1	5.69089711E-1
2.12586448E-1	5.69058836E-1
2.12135568E-1	5.69044709E-1
2.11950392E-1	5.69034398E-1
2.11761624E-1	5.69023073E-1
2.11669028E-1	5.69016874E-1
2.11558744E-1	5.69002509E-1
2.11090848E-1	5.68972468E-1
2.10260585E-1	5.68941593E-1
2.09503829E-1	5.68899453E-1
2.08205372E-1	5.68802834E-1
2.06882328E-1	5.68749547E-1
2.05969244E-1	5.68648815E-1
2.04791158E-1	5.68528116E-1
2.03060374E-1	5.68446279E-1
2.01511577E-1	5.68337381E-1
2.00488910E-1	5.68280518E-1
2.00115874E-1	5.68262219E-1
1.99966565E-1	5.68240106E-1
1.99589297E-1	5.68224013E-1
1.99339911E-1	5.68192124E-1
1.99006483E-1	5.68142533E-1
1.98529184E-1	5.68102241E-1
1.98287129E-1	5.68079948E-1
1.98014408E-1	5.68063319E-1
1.97919369E-1	5.68052351E-1
1.97843283E-1	5.68045557E-1
1.97780386E-1	5.68038523E-1
1.97702080E-1	5.68026781E-1
1.97605491E-1	5.68020582E-1
1.97529629E-1	5.68012476E-1
1.97297126E-1	5.67984581E-1
1.96953267E-1	5.67949474E-1
1.96688876E-1	5.67921281E-1
1.96237117E-1	5.67877829E-1
1.95863619E-1	5.67837298E-1
1.95564538E-1	5.67805707E-1
1.95147321E-1	5.67763448E-1
1.94780871E-1	5.67734361E-1
1.94743723E-1	5.67724764E-1
1.94648802E-1	5.67689776E-1
1.94289118E-1	5.67643583E-1
1.93673909E-1	5.67553878E-1
1.92997143E-1	5.67465365E-1
1.92531452E-1	5.67429543E-1
1.92390099E-1	5.67401648E-1
1.92216530E-1	5.67379475E-1
1.92100137E-1	5.67363381E-1
1.91966936E-1	5.67336202E-1
1.91525713E-1	5.67273736E-1
1.91260323E-1	5.67248821E-1
1.91088572E-1	5.67211866E-1
1.90954432E-1	5.67203224E-1
1.90931156E-1	5.67199945E-1
1.90863550E-1	5.67175388E-1
1.90591797E-1	5.67125320E-1
1.90323725E-1	5.67076087E-1
1.89767390E-1	5.67012846E-1
1.89168155E-1	5.66879928E-1
1.88545346E-1	5.66809714E-1
1.88161731E-1	5.66701412E-1
1.87512636E-1	5.66585362E-1
1.86959356E-1	5.66521466E-1
1.86630785E-1	5.66423178E-1
1.86138228E-1	5.66335618E-1
1.85738847E-1	5.66283405E-1
1.85430869E-1	5.66183925E-1
1.84953794E-1	5.66094875E-1
1.84698880E-1	5.66047013E-1
1.84406698E-1	5.65987945E-1
1.84217244E-1	5.65951526E-1
1.84013814E-1	5.65903187E-1
1.83871001E-1	5.65853179E-1
1.83662042E-1	5.65803230E-1
1.83268860E-1	5.65724909E-1
1.82733819E-1	5.65473020E-1
1.81640968E-1	5.65188468E-1
1.80553585E-1	5.65007746E-1
1.80043265E-1	5.64846098E-1
1.79721639E-1	5.64796150E-1
1.79568470E-1	5.64761221E-1
1.79299310E-1	5.64666808E-1
1.79087043E-1	5.64561605E-1
1.78705543E-1	5.64472079E-1
1.78397819E-1	5.64293444E-1
1.77791581E-1	5.64067900E-1
1.76690847E-1	5.63858092E-1
1.75996602E-1	5.63594222E-1
1.74966499E-1	5.63072205E-1
1.74284622E-1	5.62794745E-1
1.73628017E-1	5.62364995E-1
1.72625661E-1	5.61957419E-1
1.71493679E-1	5.61700821E-1
1.70958579E-1	5.61289907E-1
1.70148015E-1	5.60836971E-1
1.69205636E-1	5.60460329E-1
1.68431252E-1	5.59725285E-1
1.67273805E-1	5.58997691E-1
1.66242853E-1	5.58520198E-1
1.65554032E-1	5.57717860E-1
1.64255634E-1	5.56949317E-1
1.63644075E-1	5.56471467E-1
1.62906900E-1	5.55946350E-1
1.62560254E-1	5.55664301E-1
1.62465200E-1	5.55646420E-1
1.62431777E-1	5.55623055E-1
1.62421256E-1	5.55609047E-1
1.62414104E-1	5.55603266E-1
1.62410080E-1	5.55599213E-1
1.62425116E-1	5.55620849E-1
1.62464142E-1	5.55653393E-1
1.62492141E-1	5.55687308E-1
1.62525967E-1	5.55662692E-1
1.62426218E-1	5.55611074E-1
1.61738649E-1	5.54577112E-1
1.60946235E-1	5.53096354E-1
1.59430310E-1	5.51958144E-1
1.57931805E-1	5.50431252E-1
1.56882375E-1	5.49634814E-1
1.56396136E-1	5.49026966E-1
1.55694753E-1	5.47772825E-1
1.55000046E-1	5.46788216E-1
1.54510453E-1	5.46065092E-1
1.53785869E-1	5.45105994E-1
1.53196469E-1	5.44305742E-1
1.52892202E-1	5.43689609E-1
1.52520433E-1	5.43192446E-1
1.52207419E-1	5.42881310E-1
1.51885644E-1	5.42337954E-1
1.51659608E-1	5.42000353E-1
1.51336208E-1	5.41441739E-1
1.51107356E-1	5.41046381E-1
1.50631577E-1	5.40256441E-1
1.50301456E-1	5.39864540E-1
1.50081024E-1	5.39261162E-1
1.49730042E-1	5.38601160E-1
1.49294630E-1	5.38046539E-1
1.48967162E-1	5.37111700E-1
1.48425311E-1	5.36425710E-1
1.48005068E-1	5.35155714E-1
1.47270173E-1	5.34193695E-1
1.46738440E-1	5.32104433E-1
1.45667627E-1	5.31064212E-1
1.45154923E-1	5.29494464E-1
1.44586191E-1	5.27628303E-1
1.43626168E-1	5.26245058E-1
1.42987698E-1	5.24850249E-1
1.42145708E-1	5.23144841E-1
1.41729832E-1	5.21860480E-1
1.41398773E-1	5.21536052E-1
1.40949160E-1	5.20341277E-1
1.40280262E-1	5.18668234E-1
1.39802426E-1	5.17559826E-1
1.39031157E-1	5.14954805E-1
1.38223901E-1	5.12986183E-1
1.37377873E-1	5.11350930E-1
1.36321768E-1	5.08728564E-1
1.35273159E-1	5.05975425E-1
1.34458318E-1	5.03738701E-1
1.33135095E-1	5.00387490E-1
1.31817222E-1	4.96902674E-1
1.30978942E-1	4.94738638E-1
1.29914239E-1	4.91281748E-1
1.29036367E-1	4.89752591E-1
1.28396198E-1	4.86838281E-1
1.27194613E-1	4.83573347E-1
1.26054436E-1	4.81475532E-1
1.25357047E-1	4.79489654E-1
1.24598764E-1	4.77031142E-1
1.24251842E-1	4.76430535E-1
1.24093503E-1	4.75946039E-1
1.23933613E-1	4.75508660E-1
1.23841546E-1	4.74908769E-1
1.23644635E-1	4.74562466E-1
1.23121157E-1	4.72842753E-1
1.22641794E-1	4.70492214E-1
1.21722445E-1	4.68482971E-1
1.20944828E-1	4.65823233E-1
1.19724281E-1	4.62235093E-1
1.18703358E-1	4.60136741E-1
1.18191093E-1	4.57492024E-1
1.17838927E-1	4.57116961E-1
1.17806807E-1	4.57031548E-1
1.17785849E-1	4.56980675E-1
1.17600471E-1	4.55974132E-1
1.17304377E-1	4.54967290E-1
1.16682462E-1	4.52757597E-1
1.15828715E-1	4.50044274E-1
1.15276814E-1	4.48254883E-1
1.14323005E-1	4.45010662E-1
1.13310210E-1	4.41767514E-1
1.12310559E-1	4.39641774E-1
1.11091159E-1	4.34560210E-1
1.09900102E-1	4.30897534E-1
1.09149240E-1	4.28367764E-1
1.07963942E-1	4.24792349E-1
1.06916308E-1	4.21259671E-1
1.06184572E-1	4.18803811E-1
1.05172247E-1	4.15754437E-1
1.04384102E-1	4.13959891E-1
1.04255892E-1	4.13417011E-1
1.04208797E-1	4.13333744E-1
1.04193933E-1	4.13244337E-1
1.04187481E-1	4.13078129E-1
1.03944115E-1	4.11914200E-1
1.03497699E-1	4.10110146E-1
1.02437519E-1	4.06301081E-1
9.96558741E-2	4.01922315E-1
9.94148925E-2	3.99177641E-1
9.90604535E-2	3.95348489E-1
9.77523103E-2	3.91368151E-1
9.63271111E-2	3.88190925E-1
9.53003764E-2	3.80871236E-1
9.37007517E-2	3.75621706E-1
9.22905505E-2	3.72419119E-1
9.15169045E-2	3.68288070E-1
9.04371738E-2	3.65949214E-1
8.96778777E-2	3.63206476E-1
8.93346071E-2	3.61304820E-1
8.88759419E-2	3.59936178E-1
8.86027291E-2	3.59235018E-1
8.84367153E-2	3.58226627E-1
8.82057324E-2	3.57416838E-1
8.80467370E-2	3.56995791E-1
8.78226757E-2	3.56024414E-1
8.75132680E-2	3.54186028E-1
8.70777592E-2	3.52951795E-1
8.68262798E-2	3.51510078E-1
8.65193531E-2	3.50335777E-1
8.63578767E-2	3.49987626E-1
8.63406956E-2	3.49913895E-1
8.63308907E-2	3.49891424E-1
8.63266289E-2	3.49877745E-1
8.63248259E-2	3.49835485E-1
8.63232911E-2	3.49810928E-1
8.63223672E-2	3.49771321E-1
8.63218829E-2	3.49746227E-1
8.63218457E-2	3.49741638E-1
8.63215551E-2	3.49735767E-1
8.63212943E-2	3.49676669E-1
8.60844776E-2	3.48810345E-1
8.57680291E-2	3.46827984E-1
8.49678963E-2	3.44276339E-1
8.42485428E-2	3.41324538E-1
8.40475038E-2	3.38539928E-1
8.33646506E-2	3.35485697E-1
8.23168606E-2	3.33400398E-1
8.17941502E-2	3.30253989E-1
8.10453743E-2	3.26517612E-1
8.03382993E-2	3.25561583E-1
7.99077153E-2	3.21893096E-1
7.92481452E-2	3.19242716E-1
7.85940886E-2	3.17303151E-1
7.81669915E-2	3.14483255E-1
7.72437528E-2	3.11796904E-1
7.66107962E-2	3.09979916E-1
7.62341470E-2	3.07074189E-1
7.57010281E-2	3.05610985E-1
7.51579627E-2	3.03239167E-1
7.47814924E-2	3.00936371E-1
7.42151141E-2	2.99382269E-1
7.36490265E-2	2.96768844E-1
7.29880631E-2	2.94043243E-1
7.22360611E-2	2.91930676E-1
7.16759935E-2	2.88220078E-1
7.07514510E-2	2.83570677E-1
7.00104609E-2	2.81756699E-1
6.96162879E-2	2.79459447E-1
6.90655857E-2	2.77455479E-1
6.82897046E-2	2.75820255E-1
6.78393990E-2	2.73094982E-1
6.72454312E-2	2.70900339E-1
6.68596476E-2	2.69831717E-1
6.66636080E-2	2.68511266E-1
6.63202330E-2	2.66588390E-1
6.59557581E-2	2.65668839E-1
6.56647682E-2	2.64652550E-1
6.54991791E-2	2.64191329E-1
6.54395819E-2	2.64027625E-1
6.54314160E-2	2.63980508E-1
6.54242337E-2	2.63896614E-1
6.52103871E-2	2.63155460E-1
6.47512749E-2	2.60611415E-1
6.43777400E-2	2.58969516E-1
6.37136251E-2	2.56265789E-1
6.32220358E-2	2.54539490E-1
6.27619550E-2	2.53261000E-1
6.23956956E-2	2.50846595E-1
6.17113225E-2	2.48113006E-1
6.09436631E-2	2.46083021E-1
6.03423044E-2	2.40509525E-1
5.90650812E-2	2.34693959E-1
5.74580655E-2	2.30159566E-1
5.56449369E-2	2.22655609E-1
5.44089749E-2	2.16709152E-1
5.31296209E-2	2.13703439E-1
5.21611050E-2	2.09817961E-1
5.10713682E-2	2.05757737E-1
4.98543307E-2	2.02649385E-1
4.89665754E-2	1.97518691E-1
4.76901010E-2	1.91985890E-1
4.67491485E-2	1.89743459E-1
4.61979359E-2	1.86660334E-1
4.53375615E-2	1.83538467E-1
4.45861779E-2	1.81612939E-1
4.39050496E-2	1.79041013E-1
4.33069319E-2	1.76855192E-1
4.28596772E-2	1.75186709E-1
4.25520651E-2	1.74198762E-1
4.18645628E-2	1.71674713E-1
4.07741740E-2	1.67246386E-1
3.97959054E-2	1.61383063E-1
3.82305831E-2	1.57628447E-1
3.69832441E-2	1.52783081E-1
3.57664824E-2	1.48676664E-1
3.44723985E-2	1.45598486E-1
3.34842093E-2	1.38515770E-1
3.17951776E-2	1.32939681E-1
3.02002914E-2	1.29624352E-1
2.93385424E-2	1.25649527E-1
2.83389818E-2	1.23228967E-1
2.78928969E-2	1.22456074E-1
2.78271269E-2	1.21374793E-1
2.72614490E-2	1.19663775E-1
2.62729209E-2	1.17534652E-1
2.53956374E-2	1.11242667E-1
2.38063205E-2	9.80735868E-2
2.21472438E-2	9.69658494E-2
2.10946128E-2	9.47352126E-2
1.95309296E-2	9.24399942E-2
1.80070326E-2	8.78095925E-2
1.70470886E-2	8.33104551E-2
1.50780343E-2	8.01828057E-2
1.37993004E-2	7.49729499E-2
1.30629428E-2	7.30215088E-2
1.23087391E-2	7.09936172E-2
1.19026275E-2	7.01502115E-2
1.17635923E-2	6.98072016E-2
1.15668774E-2	6.89057335E-2
1.11561632E-2	6.77349791E-2
1.02482364E-2	6.46632612E-2
8.92739184E-3	6.01038933E-2
7.91985914E-3	5.67881726E-2
6.27073087E-3	5.15751243E-2
4.81361710E-3	4.64707017E-2
3.93658085E-3	4.34987843E-2
2.73884810E-3	3.92864421E-2
1.86189217E-3	3.56549174E-2
1.35598762E-3	3.26954685E-2
5.33973740E-4	3.11143994E-2
1.96224617E-4	2.95159910E-2
1.26986764E-4	2.88491845E-2
2.87124858E-5	2.87816059E-2
2.88696447E-5	2.87419539E-2
2.85270617E-5	2.86976900E-2
2.79843571E-5	2.86698081E-2
2.77638828E-5	2.86619812E-2
2.73495061E-5	2.86408979E-2
2.70357541E-5	2.86268815E-2
2.67858832E-5	2.86169294E-2
2.65744548E-5	2.86032222E-2
2.63613310E-5	2.85868067E-2
2.62222620E-5	2.85670236E-2
2.61318110E-5	2.85410061E-2
2.57875326E-5	2.85220556E-2
2.56026742E-5	2.84983236E-2
2.54296865E-5	2.84788888E-2
2.55167470E-5	2.84742564E-2
2.53855924E-5	2.84672268E-2
2.51871661E-5	2.84625981E-2
2.50113517E-5	2.84541566E-2
2.47332155E-5	2.84405034E-2
2.46286327E-5	2.84318142E-2
2.45636202E-5	2.84215417E-2
2.45941483E-5	2.84131188E-2
2.45562715E-5	2.84056775E-2
2.44658204E-5	2.84006633E-2
2.42979222E-5	2.83937547E-2
2.42933984E-5	2.83911321E-2
2.40169593E-5	2.83875708E-2
2.36772030E-5	2.83835214E-2
2.31949853E-5	2.83810496E-2
2.25748281E-5	2.83771474E-2
2.18105142E-5	2.83709802E-2
2.15973887E-5	2.83639096E-2
1.95695939E-5	2.83593815E-2
1.87838032E-5	2.83557996E-2
1.83632073E-5	2.83507071E-2
1.91484323E-5	2.83497721E-2
1.91755680E-5	2.83473339E-2
1.91388226E-5	2.83389725E-2
1.90121900E-5	2.83318162E-2
1.90178434E-5	2.83251926E-2
1.90805949E-5	2.83170920E-2
1.91947875E-5	2.83117630E-2
1.90930314E-5	2.83092838E-2
1.90048413E-5	2.83077937E-2
1.88567283E-5	2.83066761E-2
1.89025195E-5	2.83038914E-2
1.89709226E-5	2.83000935E-2
1.88748181E-5	2.82961540E-2
1.88669037E-5	2.82929931E-2
-1.96007804E-5	2.81932484E-2
-2.78687628E-4	2.72349752E-2
-5.56049519E-4	2.54887976E-2
-1.08335714E-3	2.32817139E-2
-1.70101284E-3	2.17547044E-2
-2.33210949E-3	1.89047046E-2
-2.83736456E-3	1.75750330E-2
-3.63346562E-3	1.58112701E-2
-4.40201862E-3	1.45583963E-2
-5.07512456E-3	1.37711922E-2
-5.70066087E-3	1.32918246E-2
-6.11679722E-3	1.26475869E-2
-6.81369705E-3	1.21060787E-2
-7.78883556E-3	1.16569372E-2
-8.30711890E-3	1.14800408E-2
-9.09512956E-3	1.16017098E-2
-9.87419393E-3	1.20339273E-2
-1.01357009E-2	1.29449619E-2
-1.12608122E-2	1.54147316E-2
-1.21318689E-2	1.94322467E-2
-1.27243744E-2	2.42930651E-2
-1.35951359E-2	2.90954728E-2
-1.43447258E-2	3.18948552E-2
-1.51230246E-2	3.56682912E-2
-1.58645660E-2	3.90842892E-2
-1.63931325E-2	4.15046364E-2
-1.71911716E-2	4.60305698E-2
-1.78928152E-2	4.81141284E-2
-1.83161739E-2	5.12567386E-2
-1.91478822E-2	5.42044416E-2
-1.97785292E-2	5.62413596E-2
-1.99863408E-2	5.95346428E-2
-2.06471048E-2	6.27768859E-2
-2.15436146E-2	6.50378615E-2
-2.19996758E-2	6.96698427E-2
-2.27482393E-2	7.29593784E-2
-2.34522447E-2	7.50002488E-2
-2.39069015E-2	7.79490396E-2
-2.45755482E-2	8.06651190E-2
-2.51695868E-2	8.23299289E-2
-2.57150568E-2	8.48983154E-2
-2.63018887E-2	8.74083787E-2
-2.69586835E-2	8.91831294E-2
-2.74900291E-2	9.23578292E-2
-2.80740205E-2	9.57786664E-2
-2.90628057E-2	9.82861966E-2
-3.01509481E-2	1.02390572E-1
-3.13364603E-2	1.07880265E-1
-3.25772502E-2	1.10870056E-1
-3.34348865E-2	1.12417027E-1
-3.46661992E-2	1.23420924E-1
-3.57155986E-2	1.23983636E-1
-3.66972685E-2	1.25710577E-1
-3.75998020E-2	1.28785551E-1
-3.82550620E-2	1.32369831E-1
-3.93060818E-2	1.34818688E-1
-4.02308926E-2	1.38562471E-1
-4.13638204E-2	1.43235132E-1
-4.27442230E-2	1.46450162E-1
-4.43082973E-2	1.54275745E-1
-4.53931093E-2	1.59062296E-1
-4.67015952E-2	1.61962092E-1
-4.81996462E-2	1.66226417E-1
-4.89849932E-2	1.69223949E-1
-4.98322323E-2	1.74103454E-1
-5.12184389E-2	1.79714829E-1
-5.26580885E-2	1.84459791E-1
-5.36917523E-2	1.87806755E-1
-5.43409698E-2	1.89320877E-1
-5.45216799E-2	1.89670309E-1
-5.45890629E-2	1.89874530E-1
-5.46069331E-2	1.89993784E-1
-5.46159148E-2	1.90053642E-1
-5.46194799E-2	1.90126151E-1
-5.46210557E-2	1.90156922E-1
-5.46224862E-2	1.90178812E-1
-5.46235070E-2	1.90197408E-1
-5.46237752E-2	1.90208867E-1
-5.46241701E-2	1.90213591E-1
-5.46246767E-2	1.90235779E-1
-5.46247251E-2	1.90257728E-1
-5.46252877E-2	1.90279022E-1
-5.46256453E-2	1.90293193E-1
-5.46256639E-2	1.90302759E-1
-5.46259582E-2	1.90313891E-1
-5.46261147E-2	1.90334871E-1
-5.46263121E-2	1.90348193E-1
-5.46266921E-2	1.90357074E-1
-5.46269193E-2	1.90377772E-1
-5.46270870E-2	1.90385863E-1
-5.46270274E-2	1.90395787E-1
-5.46272509E-2	1.90399826E-1
-5.46273850E-2	1.90402061E-1
-5.46275489E-2	1.90413639E-1
-5.46276569E-2	1.90429613E-1
-5.46275787E-2	1.90437704E-1
-5.46226948E-2	1.90435827E-1
-5.46195805E-2	1.90423802E-1
-5.14325462E-2	1.84412375E-1
-2.95808502E-2	9.35788546E-3
-1.86567660E-2	9.32276342E-3
-2.26894207E-3	9.29874368E-3
1.15381454E-5	9.24402941E-3
1.21826079E-5	9.20369476E-3
1.30695908E-5	9.16911196E-3
1.38129835E-5	9.14702006E-3
1.40408074E-5	9.13255289E-3
1.43093348E-5	9.12332255E-3
1.48853951E-5	9.11149569E-3
1.50674286E-5	9.10030399E-3
1.58430448E-5	9.09091905E-3
1.60228155E-5	9.08609293E-3
1.60380805E-5	9.08482634E-3
1.63003879E-5	9.08199139E-3
1.62992565E-5	9.07697156E-3
1.64908997E-5	9.07259341E-3
1.64637640E-5	9.06531792E-3
1.64993799E-5	9.05966945E-3
1.66701047E-5	9.05768201E-3
1.68216102E-5	9.05332528E-3
1.67842991E-5	9.04566329E-3
1.69974246E-5	9.03903600E-3
1.70630010E-5	9.02867597E-3
1.72060263E-5	9.01956763E-3
1.72094187E-5	9.01785493E-3
1.73111748E-5	9.01622884E-3
1.75209079E-5	9.01638530E-3
1.74892502E-5	9.01560672E-3
1.76526282E-5	9.01464839E-3
1.75384339E-5	9.01273452E-3
1.75367368E-5	9.00981668E-3
1.76113590E-5	9.00676940E-3
1.76198391E-5	9.00139008E-3
1.77560814E-5	8.99863429E-3
1.78205264E-5	8.99542216E-3
1.78702740E-5	8.99222400E-3
1.78307018E-5	8.99053086E-3
1.76797621E-5	8.98881909E-3
1.76673257E-5	8.98384396E-3
1.75932655E-5	8.98042042E-3
1.80099014E-5	8.97372048E-3
1.80274255E-5	8.97011813E-3
1.82416807E-5	8.96091294E-3
1.80924362E-5	8.94932263E-3
1.79799390E-5	8.94199219E-3
1.80234674E-5	8.93677957E-3
1.80698244E-5	8.93501658E-3
1.81715823E-5	8.93073343E-3
1.82332005E-5	8.92904494E-3
1.80449497E-5	8.92780442E-3
1.80059433E-5	8.92453268E-3
1.79658055E-5	8.92150030E-3
1.79889830E-5	8.91407672E-3
1.82213298E-5	8.90819263E-3
1.83406119E-5	8.90505500E-3
1.84389773E-5	8.90437420E-3
1.83864031E-5	8.90530273E-3
1.84548062E-5	8.90503637E-3
1.84418041E-5	8.90308339E-3
1.84039272E-5	8.90065543E-3
1.82637286E-5	8.89913179E-3
1.82258518E-5	8.89681652E-3
1.83468292E-5	8.89508799E-3
1.84853325E-5	8.89278855E-3
1.85079462E-5	8.89115781E-3
1.83920547E-5	8.89066141E-3
1.82891672E-5	8.89009982E-3
1.82846452E-5	8.88891518E-3
1.82128497E-5	8.88796058E-3
1.84107103E-5	8.88719968E-3
1.83609627E-5	8.88552610E-3
1.82524254E-5	8.88366345E-3
1.83327084E-5	8.88064969E-3
1.84056371E-5	8.88105761E-3
1.84056371E-5	8.88096076E-3
1.82258664E-5	8.87916796E-3
1.82580898E-5	8.87759123E-3
1.84022465E-5	8.87370668E-3
