# Mess-Beginn: 22.07.2026 12:40:50
# Kei2000	Kei2000
2.01503935E-5	2.72500664E-2
2.01204311E-5	2.72501968E-2
1.99751430E-5	2.72503030E-2
1.99830574E-5	2.72495188E-2
2.00198028E-5	2.72491965E-2
2.00701179E-5	2.72486750E-2
2.02973715E-5	2.72496939E-2
2.04025164E-5	2.72502787E-2
2.05811539E-5	2.72512808E-2
2.06150689E-5	2.72521228E-2
2.04477346E-5	2.72523127E-2
2.05890647E-5	2.72519831E-2
2.05834112E-5	2.72521898E-2
2.03420186E-5	2.72519756E-2
2.03035761E-5	2.72515565E-2
2.02922711E-5	2.72509847E-2
2.01729872E-5	2.72509810E-2
2.01814673E-5	2.72512715E-2
2.01905132E-5	2.72522215E-2
2.02210394E-5	2.72529572E-2
2.02238662E-5	2.72535384E-2
2.02538286E-5	2.72531863E-2
2.01469829E-5	2.72521377E-2
2.01401981E-5	2.72524729E-2
2.00407030E-5	2.72517502E-2
2.00373106E-5	2.72511244E-2
2.00604882E-5	2.72496901E-2
2.01769453E-5	2.72485875E-2
2.01616804E-5	2.72480566E-2
2.02787032E-5	2.72474773E-2
2.02317806E-5	2.72468943E-2
2.01430248E-5	2.72470005E-2
2.01633775E-5	2.72472780E-2
2.00480517E-5	2.72471420E-2
2.02159517E-5	2.72471495E-2
2.02481751E-5	2.72470564E-2
2.02052106E-5	2.72461288E-2
2.01277617E-5	2.72466000E-2
2.01017574E-5	2.72468068E-2
1.98801517E-5	2.72475779E-2
1.99327260E-5	2.72482112E-2
2.01198472E-5	2.72489600E-2
2.01006260E-5	2.72491723E-2
2.02521314E-5	2.72488445E-2
2.03250565E-5	2.72481795E-2
2.02713509E-5	2.72471644E-2
2.03601048E-5	2.72462592E-2
2.03267518E-5	2.72447169E-2
2.03634972E-5	2.56814416E-2
-3.85654531E-3	2.33326498E-2
-7.05369934E-3	2.23815143E-2
-1.19282603E-2	2.16553658E-2
-1.52095892E-2	2.25032810E-2
-1.62780788E-2	2.38294471E-2
-1.64196175E-2	2.49279775E-2
-1.64475013E-2	2.53647640E-2
-1.66304819E-2	2.65710056E-2
-1.69342533E-2	2.77282335E-2
-1.72419846E-2	2.89094411E-2
-1.77083239E-2	3.07270363E-2
-1.80421118E-2	3.19708064E-2
-1.84351373E-2	3.41535620E-2
-1.93738025E-2	3.87384146E-2
-2.13683471E-2	4.62153293E-2
-2.33376101E-2	5.12883440E-2
-2.39837188E-2	5.64712845E-2
-2.62361579E-2	6.49347156E-2
-2.84061208E-2	7.30335265E-2
-2.99163349E-2	7.84068331E-2
-3.17289941E-2	8.36651847E-2
-3.20546404E-2	8.45311359E-2
-3.21282670E-2	8.49123746E-2
-3.27764936E-2	8.73783752E-2
-3.33942473E-2	9.09022167E-2
-3.47222574E-2	9.23247859E-2
-3.57567780E-2	9.71839726E-2
-3.66344042E-2	1.00658394E-1
-3.76001336E-2	1.02523819E-1
-3.79702263E-2	1.03628755E-1
-3.83977666E-2	1.04383364E-1
-3.87133323E-2	1.05749533E-1
-3.90278809E-2	1.06661014E-1
-3.96359526E-2	1.08772852E-1
-4.02435102E-2	1.10715076E-1
-4.12283130E-2	1.12451166E-1
-4.19904701E-2	1.13349333E-1
-4.32228707E-2	1.21743217E-1
-4.42157574E-2	1.23678423E-1
-4.51570302E-2	1.25868782E-1
-4.68488447E-2	1.29841760E-1
-4.83111478E-2	1.32653043E-1
-4.87784520E-2	1.36043549E-1
-4.98400442E-2	1.37583897E-1
-5.02893254E-2	1.40022129E-1
-5.12293577E-2	1.41737476E-1
-5.17607592E-2	1.43037528E-1
-5.24227470E-2	1.45130351E-1
-5.29334843E-2	1.46442980E-1
-5.33464327E-2	1.47761673E-1
-5.38177527E-2	1.49839327E-1
-5.45901507E-2	1.52095899E-1
-5.51109277E-2	1.53546244E-1
-5.56488521E-2	1.55044526E-1
-5.64028136E-2	1.57039583E-1
-5.71850352E-2	1.59428954E-1
-5.74472286E-2	1.60172954E-1
-5.82576469E-2	1.62254602E-1
-5.89225143E-2	1.64137661E-1
-5.91249540E-2	1.64972782E-1
-5.96664026E-2	1.66435391E-1
-6.03049584E-2	1.68251559E-1
-6.06801361E-2	1.69372901E-1
-6.11029603E-2	1.71180874E-1
-6.15933724E-2	1.71820417E-1
-6.19164854E-2	1.72908813E-1
-6.20848387E-2	1.74433544E-1
-6.30266964E-2	1.77201331E-1
-6.39112443E-2	1.79197907E-1
-6.43012449E-2	1.81567907E-1
-6.54125214E-2	1.83782935E-1
-6.65489361E-2	1.87489167E-1
-6.74563646E-2	1.90292254E-1
-6.82038292E-2	1.93631023E-1
-6.92635626E-2	1.95786297E-1
-6.97009116E-2	1.97932944E-1
-7.01351166E-2	1.99991137E-1
-7.14016184E-2	2.04740033E-1
-7.29647577E-2	2.08172128E-1
-7.39862844E-2	2.11347982E-1
-7.48296529E-2	2.14792341E-1
-7.54573271E-2	2.16040999E-1
-7.56261200E-2	2.16516793E-1
-7.60189146E-2	2.17894793E-1
-7.65917748E-2	2.20733017E-1
-7.74594769E-2	2.22577631E-1
-7.80307800E-2	2.24411428E-1
-7.86689892E-2	2.26383910E-1
-7.90075734E-2	2.27938995E-1
-7.93282092E-2	2.28454962E-1
-7.98152164E-2	2.30107129E-1
-8.06201473E-2	2.32005671E-1
-8.08264017E-2	2.34488696E-1
-8.16286728E-2	2.36367762E-1
-8.22061151E-2	2.39264399E-1
-8.30095038E-2	2.40897864E-1
-8.35895538E-2	2.42593601E-1
-8.40301216E-2	2.44685844E-1
-8.47616121E-2	2.47436628E-1
-8.53764787E-2	2.48996556E-1
-8.59127417E-2	2.50606716E-1
-8.63575712E-2	2.51618475E-1
-8.64972472E-2	2.52193630E-1
-8.66735876E-2	2.53364921E-1
-8.71941894E-2	2.55136281E-1
-8.75594690E-2	2.56306618E-1
-8.80847499E-2	2.57426530E-1
-8.83518234E-2	2.58346707E-1
-8.84455144E-2	2.58612394E-1
-8.86053443E-2	2.59676337E-1
-8.88755322E-2	2.60605127E-1
-8.92836824E-2	2.61962861E-1
-8.95686224E-2	2.62892872E-1
-8.98621976E-2	2.64429688E-1
-9.03629288E-2	2.65666187E-1
-9.07379761E-2	2.66914129E-1
-9.13037583E-2	2.68887639E-1
-9.19153243E-2	2.70688295E-1
-9.21553299E-2	2.71744847E-1
-9.25924554E-2	2.73447931E-1
-9.34939161E-2	2.76824623E-1
-9.45526063E-2	2.79143274E-1
-9.48950797E-2	2.81684548E-1
-9.60014910E-2	2.85133183E-1
-9.68418196E-2	2.86913991E-1
-9.70300883E-2	2.88110197E-1
-9.76253524E-2	2.90146291E-1
-9.79848281E-2	2.91668952E-1
-9.84402820E-2	2.92929381E-1
-9.91172343E-2	2.95648903E-1
-1.00292191E-1	2.99273252E-1
-1.01497702E-1	3.02012920E-1
-1.02042042E-1	3.05697113E-1
-1.03431687E-1	3.09651375E-1
-1.04390658E-1	3.12889457E-1
-1.04688138E-1	3.14604849E-1
-1.05464928E-1	3.16393554E-1
-1.06241904E-1	3.19000125E-1
-1.06785960E-1	3.21001470E-1
-1.07642084E-1	3.25402439E-1
-1.08854868E-1	3.29435885E-1
-1.10326149E-1	3.32778245E-1
-1.10850886E-1	3.35987628E-1
-1.12120360E-1	3.39470059E-1
-1.13176212E-1	3.41511041E-1
-1.13406360E-1	3.43766719E-1
-1.14199854E-1	3.46354157E-1
-1.15033709E-1	3.48085612E-1
-1.15752354E-1	3.50348026E-1
-1.16450556E-1	3.52989793E-1
-1.17440581E-1	3.55721056E-1
-1.18480131E-1	3.57878178E-1
-1.22101821E-1	3.62497628E-1
-1.22167103E-1	3.64880979E-1
-1.22438110E-1	3.67314816E-1
-1.22670896E-1	3.70215684E-1
-1.23224474E-1	3.71551454E-1
-1.23756126E-1	3.73198777E-1
-1.24226362E-1	3.75278026E-1
-1.24882452E-1	3.77259940E-1
-1.25586018E-1	3.78681153E-1
-1.26104981E-1	3.81379962E-1
-1.26715243E-1	3.83122414E-1
-1.27616763E-1	3.84841651E-1
-1.28677011E-1	3.87828082E-1
-1.28948614E-1	3.88813525E-1
-1.29484698E-1	3.90472353E-1
-1.30254269E-1	3.92121732E-1
-1.30640596E-1	3.94316286E-1
-1.31204739E-1	3.96131247E-1
-1.32167965E-1	3.98119330E-1
-1.32896468E-1	4.01479214E-1
-1.34167627E-1	4.05475795E-1
-1.35134980E-1	4.08184588E-1
-1.36551782E-1	4.10862327E-1
-1.37389570E-1	4.14307564E-1
-1.38391897E-1	4.15857971E-1
-1.38876379E-1	4.17381614E-1
-1.39000684E-1	4.18884009E-1
-1.39568791E-1	4.19933021E-1
-1.40338823E-1	4.21698511E-1
-1.40990868E-1	4.25120831E-1
-1.41864657E-1	4.28712249E-1
-1.42936438E-1	4.29678440E-1
-1.43451586E-1	4.32566702E-1
-1.44597217E-1	4.35596555E-1
-1.45264283E-1	4.37432200E-1
-1.46208972E-1	4.40138340E-1
-1.46869391E-1	4.42302853E-1
-1.47583470E-1	4.42842484E-1
-1.48405582E-1	4.45196390E-1
-1.48713678E-1	4.47806001E-1
-1.49610370E-1	4.49319214E-1
-1.50492996E-1	4.51033175E-1
-1.50924906E-1	4.52898413E-1
-1.51746452E-1	4.55353379E-1
-1.52685091E-1	4.57246155E-1
-1.52995542E-1	4.59842682E-1
-1.53979152E-1	4.61801797E-1
-1.55116990E-1	4.63811576E-1
-1.56012595E-1	4.67226863E-1
-1.57017559E-1	4.70037997E-1
-1.57783687E-1	4.71174598E-1
-1.58762142E-1	4.74338830E-1
-1.59539536E-1	4.77898151E-1
-1.61014050E-1	4.80625510E-1
-1.62512109E-1	4.84763622E-1
-1.62962377E-1	4.86697793E-1
-1.63821369E-1	4.88433987E-1
-1.64195374E-1	4.89132941E-1
-1.64300829E-1	4.90255743E-1
-1.64766788E-1	4.91484851E-1
-1.65086195E-1	4.91932809E-1
-1.65576920E-1	4.94228005E-1
-1.66412115E-1	4.95828003E-1
-1.67200848E-1	4.97399151E-1
-1.67803526E-1	4.99850541E-1
-1.68711022E-1	5.01461983E-1
-1.69358850E-1	5.03151417E-1
-1.70392051E-1	5.05806386E-1
-1.71161324E-1	5.08581460E-1
-1.72256663E-1	5.10155976E-1
-1.73483670E-1	5.12144685E-1
-1.73804268E-1	5.14553010E-1
-1.74960792E-1	5.16858578E-1
-1.76207244E-1	5.18664479E-1
-1.76916569E-1	5.20483911E-1
-1.77965313E-1	5.23478150E-1
-1.79453209E-1	5.25241852E-1
-1.80216283E-1	5.27146220E-1
-1.81339681E-1	5.28745770E-1
-1.81845814E-1	5.29044390E-1
-1.82380080E-1	5.30143142E-1
-1.82926849E-1	5.31671524E-1
-1.83618814E-1	5.32246649E-1
-1.84111461E-1	5.32875180E-1
-1.84383035E-1	5.33863068E-1
-1.85470283E-1	5.35320282E-1
-1.86418608E-1	5.36305547E-1
-1.87054530E-1	5.37751019E-1
-1.87873945E-1	5.38608015E-1
-1.88209578E-1	5.39168835E-1
-1.88772112E-1	5.40467083E-1
-1.89690620E-1	5.41780770E-1
-1.90494433E-1	5.42491257E-1
-1.91153958E-1	5.43419480E-1
-1.91898242E-1	5.44827938E-1
-1.93292111E-1	5.46612144E-1
-1.95078865E-1	5.47327638E-1
-1.96234599E-1	5.49115598E-1
-1.97603092E-1	5.50490916E-1
-1.98467091E-1	5.51277161E-1
-1.99337229E-1	5.52292287E-1
-2.00300142E-1	5.53136230E-1
-2.01026887E-1	5.53498566E-1
-2.01494664E-1	5.54014862E-1
-2.01849729E-1	5.54606736E-1
-2.02873006E-1	5.55175602E-1
-2.03767315E-1	5.55805027E-1
-2.04988733E-1	5.56543887E-1
-2.05791101E-1	5.57031631E-1
-2.05992728E-1	5.57142913E-1
-2.06043348E-1	5.57340443E-1
-2.06491500E-1	5.57520628E-1
-2.06948340E-1	5.57704270E-1
-2.07316518E-1	5.58131337E-1
-2.08058879E-1	5.58515728E-1
-2.08784461E-1	5.58654130E-1
-2.09085062E-1	5.59172451E-1
-2.09938720E-1	5.59549749E-1
-2.10649520E-1	5.59835136E-1
-2.11183921E-1	5.60306311E-1
-2.12142289E-1	5.60755372E-1
-2.13107929E-1	5.61057925E-1
-2.13350564E-1	5.61356306E-1
-2.13996112E-1	5.61500728E-1
-2.14589328E-1	5.61794698E-1
-2.15165809E-1	5.62030494E-1
-2.16114804E-1	5.62437713E-1
-2.16993213E-1	5.62766016E-1
-2.18262851E-1	5.63057423E-1
-2.18939230E-1	5.63466072E-1
-2.20210850E-1	5.63906848E-1
-2.21265838E-1	5.64119041E-1
-2.21670836E-1	5.64524889E-1
-2.23000467E-1	5.64759314E-1
-2.23993883E-1	5.64951479E-1
-2.24381402E-1	5.65187991E-1
-2.25061312E-1	5.65338671E-1
-2.25545481E-1	5.65432787E-1
-2.25716203E-1	5.65555513E-1
-2.26617321E-1	5.65746486E-1
-2.27106690E-1	5.65880954E-1
-2.27426231E-1	5.66000402E-1
-2.28158697E-1	5.66119730E-1
-2.28478298E-1	5.66258371E-1
-2.28972167E-1	5.66356778E-1
-2.29307458E-1	5.66480756E-1
-2.29578659E-1	5.66594660E-1
-2.30040893E-1	5.66632748E-1
-2.30316147E-1	5.66796899E-1
-2.31218532E-1	5.66976666E-1
-2.31959879E-1	5.67057848E-1
-2.32303306E-1	5.67151129E-1
-2.32920289E-1	5.67268014E-1
-2.33216703E-1	5.67371547E-1
-2.33509645E-1	5.67442596E-1
-2.33955294E-1	5.67500889E-1
-2.34351158E-1	5.67600727E-1
-2.34659567E-1	5.67658961E-1
-2.35126257E-1	5.67754924E-1
-2.35427588E-1	5.67831397E-1
-2.35807896E-1	5.67863226E-1
-2.36338273E-1	5.68022490E-1
-2.37241432E-1	5.68198919E-1
-2.38155484E-1	5.68320632E-1
-2.38335654E-1	5.68403542E-1
-2.38590151E-1	5.68453133E-1
-2.38709465E-1	5.68508148E-1
-2.39001602E-1	5.68556488E-1
-2.39535525E-1	5.68657458E-1
-2.40471512E-1	5.68751693E-1
-2.40785509E-1	5.68846524E-1
-2.41720051E-1	5.69008708E-1
-2.42838815E-1	5.69142520E-1
-2.43713751E-1	5.69273770E-1
-2.44594067E-1	5.69469988E-1
-2.46169254E-1	5.69686115E-1
-2.47691631E-1	5.69799900E-1
-2.48334348E-1	5.69879413E-1
-2.49146715E-1	5.69978297E-1
-2.49308109E-1	5.70014417E-1
-2.49336109E-1	5.70042014E-1
-2.49242276E-1	5.70049047E-1
-2.48597205E-1	5.69999337E-1
-2.47799158E-1	5.69922268E-1
-2.45781958E-1	5.69709897E-1
-2.43383586E-1	5.69429398E-1
-2.41527304E-1	5.69325387E-1
-2.39908561E-1	5.69054544E-1
-2.38175362E-1	5.68835974E-1
-2.37049401E-1	5.68727016E-1
-2.36039698E-1	5.68635821E-1
-2.35269174E-1	5.68447292E-1
-2.33974457E-1	5.68280041E-1
-2.33325332E-1	5.68180263E-1
-2.32469529E-1	5.68077683E-1
-2.31554329E-1	5.67919254E-1
-2.30929658E-1	5.67810953E-1
-2.29989439E-1	5.67647636E-1
-2.29536563E-1	5.67528307E-1
-2.29041159E-1	5.67464948E-1
-2.28538454E-1	5.67394257E-1
-2.27708772E-1	5.67230165E-1
-2.27417618E-1	5.67123890E-1
-2.26516023E-1	5.66936195E-1
-2.25432679E-1	5.66696286E-1
-2.24760115E-1	5.66549420E-1
-2.23722845E-1	5.66379726E-1
-2.23079354E-1	5.66151977E-1
-2.22295985E-1	5.66008687E-1
-2.21942797E-1	5.65891743E-1
-2.20986515E-1	5.65692365E-1
-2.20053852E-1	5.65440059E-1
-2.19725549E-1	5.65206587E-1
-2.18281731E-1	5.64709187E-1
-2.16653854E-1	5.64401269E-1
-2.15719655E-1	5.64097643E-1
-2.14465275E-1	5.63706875E-1
-2.13536724E-1	5.63406825E-1
-2.13370100E-1	5.63290894E-1
-2.12875590E-1	5.63173711E-1
-2.12396547E-1	5.62995136E-1
-2.12178960E-1	5.62854648E-1
-2.11905926E-1	5.62735617E-1
-2.11480990E-1	5.62619984E-1
-2.11058021E-1	5.62443614E-1
-2.10771471E-1	5.62358677E-1
-2.10657448E-1	5.62270463E-1
-2.10193738E-1	5.62058449E-1
-2.10026935E-1	5.61918497E-1
-2.09452257E-1	5.61673760E-1
-2.08578363E-1	5.61315000E-1
-2.08222881E-1	5.61155081E-1
-2.07508743E-1	5.60931265E-1
-2.06746221E-1	5.60519934E-1
-2.06444591E-1	5.60028732E-1
-2.05525532E-1	5.59700072E-1
-2.04830870E-1	5.59430659E-1
-2.04282477E-1	5.59000909E-1
-2.03733504E-1	5.58904409E-1
-2.03418031E-1	5.58523893E-1
-2.02756211E-1	5.58070242E-1
-2.02378944E-1	5.57961881E-1
-2.01877818E-1	5.57582855E-1
-2.01054811E-1	5.57004392E-1
-2.00818822E-1	5.56756318E-1
-2.00154081E-1	5.56427956E-1
-1.99306458E-1	5.55850923E-1
-1.98919103E-1	5.55337131E-1
-1.98024377E-1	5.54861248E-1
-1.97424293E-1	5.54342389E-1
-1.97088465E-1	5.53985715E-1
-1.96497425E-1	5.53497374E-1
-1.96000919E-1	5.52977800E-1
-1.95520401E-1	5.52171648E-1
-1.94618776E-1	5.51713288E-1
-1.93910390E-1	5.50834417E-1
-1.93307623E-1	5.49996793E-1
-1.92417994E-1	5.49677610E-1
-1.91807806E-1	5.48514724E-1
-1.90720454E-1	5.48158228E-1
-1.89891919E-1	5.46267033E-1
-1.88493729E-1	5.45169950E-1
-1.87214702E-1	5.43667436E-1
-1.86893240E-1	5.42342365E-1
-1.85743719E-1	5.41464448E-1
-1.84925780E-1	5.40587842E-1
-1.84327468E-1	5.39308012E-1
-1.83528304E-1	5.38528323E-1
-1.83122367E-1	5.37334263E-1
-1.82387739E-1	5.36193013E-1
-1.81763455E-1	5.35231352E-1
-1.80822179E-1	5.33834279E-1
-1.80274516E-1	5.33262074E-1
-1.79525688E-1	5.32454371E-1
-1.79033950E-1	5.31606913E-1
-1.78717062E-1	5.30812740E-1
-1.78325847E-1	5.30030727E-1
-1.77694216E-1	5.29127240E-1
-1.77211419E-1	5.28579891E-1
-1.76898703E-1	5.27761638E-1
-1.76416382E-1	5.27097344E-1
-1.75942108E-1	5.26226223E-1
-1.75503179E-1	5.25224030E-1
-1.74583048E-1	5.24116337E-1
-1.73611477E-1	5.22030413E-1
-1.73300952E-1	5.20273805E-1
-1.72438905E-1	5.19361138E-1
-1.71516523E-1	5.17478347E-1
-1.70917392E-1	5.16280055E-1
-1.69849530E-1	5.13989449E-1
-1.68675900E-1	5.12314141E-1
-1.68357983E-1	5.10704815E-1
-1.67604938E-1	5.09775162E-1
-1.66862622E-1	5.08353531E-1
-1.66523129E-1	5.07626772E-1
-1.65752187E-1	5.05778551E-1
-1.65183216E-1	5.04366636E-1
-1.64215431E-1	5.02156377E-1
-1.63440004E-1	4.99459475E-1
-1.62171111E-1	4.98485416E-1
-1.60840914E-1	4.95261103E-1
-1.59788996E-1	4.91714001E-1
-1.58724219E-1	4.89589363E-1
-1.57433763E-1	4.86431539E-1
-1.56524137E-1	4.84065235E-1
-1.55652672E-1	4.83160704E-1
-1.54906452E-1	4.81025755E-1
-1.54360563E-1	4.80064243E-1
-1.53449312E-1	4.78590816E-1
-1.52616113E-1	4.75657910E-1
-1.51818126E-1	4.73306090E-1
-1.50701240E-1	4.71395403E-1
-1.49652734E-1	4.68573838E-1
-1.48960099E-1	4.66144711E-1
-1.47990286E-1	4.64586079E-1
-1.47342786E-1	4.63499129E-1
-1.46897539E-1	4.61986512E-1
-1.46594256E-1	4.60883081E-1
-1.46129563E-1	4.60085958E-1
-1.45655736E-1	4.59126502E-1
-1.45502791E-1	4.58931357E-1
-1.45422310E-1	4.58743900E-1
-1.45242438E-1	4.58092779E-1
-1.44944072E-1	4.56950426E-1
-1.44639239E-1	4.56175178E-1
-1.44177258E-1	4.55001444E-1
-1.43904135E-1	4.54807699E-1
-1.43861532E-1	4.54771906E-1
-1.43849999E-1	4.54580158E-1
-1.43741697E-1	4.53603923E-1
-1.43306836E-1	4.53231573E-1
-1.43003061E-1	4.52042103E-1
-1.42345965E-1	4.50086325E-1
-1.41844526E-1	4.49149221E-1
-1.41208112E-1	4.47990388E-1
-1.40617862E-1	4.45742428E-1
-1.39898330E-1	4.44328874E-1
-1.39413536E-1	4.43493694E-1
-1.39240474E-1	4.42404836E-1
-1.38943359E-1	4.41163719E-1
-1.38468876E-1	4.40760881E-1
-1.37988567E-1	4.39226389E-1
-1.37428269E-1	4.37447816E-1
-1.36917904E-1	4.36606765E-1
-1.36374623E-1	4.34284091E-1
-1.35773808E-1	4.32543993E-1
-1.35117814E-1	4.31673199E-1
-1.34636581E-1	4.30741996E-1
-1.34383589E-1	4.29532319E-1
-1.33933842E-1	4.28748995E-1
-1.33484900E-1	4.27536726E-1
-1.33175403E-1	4.26712781E-1
-1.33030832E-1	4.26425397E-1
-1.32672146E-1	4.25674200E-1
-1.32374212E-1	4.24468189E-1
-1.31918669E-1	4.23235536E-1
-1.31396651E-1	4.22213078E-1
-1.31057352E-1	4.20834899E-1
-1.30727634E-1	4.19566751E-1
-1.30248964E-1	4.19113398E-1
-1.29584670E-1	4.17233557E-1
-1.29270896E-1	4.15982693E-1
-1.28700241E-1	4.14901912E-1
-1.27940357E-1	4.12938118E-1
-1.27583310E-1	4.11608309E-1
-1.27258167E-1	4.10754055E-1
-1.26853853E-1	4.09768850E-1
-1.26689732E-1	4.08820778E-1
-1.26264721E-1	4.08412695E-1
-1.25804603E-1	4.07147825E-1
-1.25536650E-1	4.05894578E-1
-1.24907389E-1	4.04751420E-1
-1.24583758E-1	4.03059125E-1
-1.24108136E-1	4.00604725E-1
-1.23202696E-1	3.99228871E-1
-1.22663930E-1	3.98288548E-1
-1.22345373E-1	3.97285044E-1
-1.22110568E-1	3.96636307E-1
-1.21678710E-1	3.95795912E-1
-1.21374734E-1	3.94500405E-1
-1.21068552E-1	3.93204987E-1
-1.20680153E-1	3.92840534E-1
-1.20482646E-1	3.92047018E-1
-1.20183088E-1	3.90779495E-1
-1.19726405E-1	3.89929771E-1
-1.19266860E-1	3.88655394E-1
-1.19136259E-1	3.88336658E-1
-1.18794046E-1	3.87561947E-1
-1.18341446E-1	3.86281729E-1
-1.18037090E-1	3.84994060E-1
-1.17621548E-1	3.84295791E-1
-1.17308319E-1	3.83267552E-1
-1.17020890E-1	3.82428348E-1
-1.16715424E-1	3.81158292E-1
-1.16250128E-1	3.80227327E-1
-1.16004542E-1	3.79349232E-1
-1.15643114E-1	3.78082156E-1
-1.15185231E-1	3.77206653E-1
-1.14880860E-1	3.76416922E-1
-1.14304990E-1	3.74703825E-1
-1.13826193E-1	3.73790711E-1
-1.13516130E-1	3.72443259E-1
-1.13212265E-1	3.71201307E-1
-1.12949602E-1	3.71077895E-1
-1.12771943E-1	3.69991273E-1
-1.12484410E-1	3.69119436E-1
-1.11468062E-1	3.67568344E-1
-1.10880360E-1	3.65040451E-1
-1.10628784E-1	3.63477856E-1
-1.10115223E-1	3.62595081E-1
-1.09912552E-1	3.62349838E-1
-1.09873772E-1	3.62167299E-1
-1.09771132E-1	3.61491650E-1
-1.09321773E-1	3.60480100E-1
-1.09017268E-1	3.58981192E-1
-1.08575836E-1	3.57116580E-1
-1.07732520E-1	3.55266303E-1
-1.07299201E-1	3.52277130E-1
-1.06388696E-1	3.49158764E-1
-1.05550602E-1	3.47322583E-1
-1.04962967E-1	3.44653696E-1
-1.04458511E-1	3.43030900E-1
-1.03972621E-1	3.41962099E-1
-1.03504993E-1	3.40728372E-1
-1.03178293E-1	3.39092731E-1
-1.02675207E-1	3.37977111E-1
-1.02102153E-1	3.35789621E-1
-1.01683430E-1	3.34002733E-1
-1.01347342E-1	3.32909793E-1
-1.00871861E-1	3.31844181E-1
-1.00555681E-1	3.30783874E-1
-9.91482362E-2	3.29403251E-1
-9.90955830E-2	3.28350335E-1
-9.90199819E-2	3.26782048E-1
-9.89652425E-2	3.25530857E-1
-9.88051817E-2	3.24987322E-1
-9.83647481E-2	3.23396713E-1
-9.80592892E-2	3.21780294E-1
-9.73971486E-2	3.20038617E-1
-9.67466086E-2	3.17946911E-1
-9.64069813E-2	3.16305518E-1
-9.57944468E-2	3.14792544E-1
-9.53994170E-2	3.12915713E-1
-9.50706303E-2	3.11835438E-1
-9.45919752E-2	3.10767472E-1
-9.42534953E-2	3.09620440E-1
-9.42149535E-2	3.09437901E-1
-9.41903144E-2	3.09382498E-1
-9.39026028E-2	3.08667988E-1
-9.34856310E-2	3.07262361E-1
-9.33409631E-2	3.05803806E-1
-9.28897187E-2	3.04792315E-1
-9.27059054E-2	3.04394811E-1
-9.26710069E-2	3.04162592E-1
-9.24872234E-2	3.03885847E-1
-9.21430364E-2	3.02715719E-1
-9.20090005E-2	3.01368535E-1
-9.15776268E-2	3.00394416E-1
-9.12687480E-2	2.99553722E-1
-9.11744460E-2	2.98620313E-1
-9.07933190E-2	2.97588587E-1
-9.03341696E-2	2.96034515E-1
-9.00272429E-2	2.94503093E-1
-8.95978808E-2	2.94181645E-1
-8.95597041E-2	2.93664157E-1
-8.92541781E-2	2.92322606E-1
-8.89664218E-2	2.91355342E-1
-8.85074511E-2	2.89848447E-1
-8.79123807E-2	2.88096756E-1
-8.77417028E-2	2.86996394E-1
-8.72353911E-2	2.85291255E-1
-8.66165459E-2	2.83552825E-1
-8.60734880E-2	2.81590015E-1
-8.55882242E-2	2.80545086E-1
-8.51350427E-2	2.79067189E-1
-8.48781988E-2	2.77714938E-1
-8.42762962E-2	2.76202053E-1
-8.34004730E-2	2.73301542E-1
-8.28092694E-2	2.70662129E-1
-8.21227208E-2	2.69423157E-1
-8.19355175E-2	2.68764377E-1
-8.18936974E-2	2.68035889E-1
-8.15053657E-2	2.67086536E-1
-8.09000209E-2	2.64811099E-1
-8.03658962E-2	2.62041211E-1
-7.97772035E-2	2.60672748E-1
-7.89842308E-2	2.57874697E-1
-7.82213211E-2	2.55867600E-1
-7.78111070E-2	2.54607618E-1
-7.69263506E-2	2.52062261E-1
-7.63682723E-2	2.50643849E-1
-7.57905021E-2	2.48739660E-1
-7.50389472E-2	2.45962977E-1
-7.47148916E-2	2.44401067E-1
-7.44074509E-2	2.43644387E-1
-7.41091296E-2	2.43039772E-1
-7.36690685E-2	2.41517663E-1
-7.33697787E-2	2.39991084E-1
-7.29183331E-2	2.39010662E-1
-7.26877227E-2	2.38377109E-1
-7.26607069E-2	2.38252982E-1
-7.26385862E-2	2.38204956E-1
-7.26311803E-2	2.38158926E-1
-7.26295784E-2	2.38128185E-1
-7.26258904E-2	2.38119304E-1
-7.26232007E-2	2.38090873E-1
-7.25850984E-2	2.37093627E-1
-7.22885877E-2	2.36082569E-1
-7.18205273E-2	2.34522358E-1
-7.13454708E-2	2.32957363E-1
-7.10027516E-2	2.32552856E-1
-7.06208423E-2	2.31152996E-1
-7.00319484E-2	2.29049891E-1
-6.97553530E-2	2.27287233E-1
-6.89447224E-2	2.25140139E-1
-6.83930889E-2	2.23533347E-1
-6.79878965E-2	2.22312585E-1
-6.74479753E-2	2.20592380E-1
-6.66695461E-2	2.17770994E-1
-6.60673752E-2	2.15953067E-1
-6.50522560E-2	2.13022768E-1
-6.41614050E-2	2.10668057E-1
-6.38143495E-2	2.09634885E-1
-6.34918585E-2	2.08674580E-1
-6.33883774E-2	2.08449125E-1
-6.32315204E-2	2.07554251E-1
-6.27822131E-2	2.06144407E-1
-6.23232536E-2	2.04695374E-1
-6.20101988E-2	2.03439623E-1
-6.14550300E-2	2.01980814E-1
-6.09941371E-2	2.00549632E-1
-6.06868602E-2	1.99407980E-1
-6.02275468E-2	1.97907224E-1
-5.96661940E-2	1.96320459E-1
-5.91637045E-2	1.94777548E-1
-5.88320941E-2	1.93950623E-1
-5.85767068E-2	1.93071261E-1
-5.81475869E-2	1.91739053E-1
-5.78480363E-2	1.90807417E-1
-5.73837273E-2	1.89861447E-1
-5.71281277E-2	1.88847929E-1
-5.68827130E-2	1.87915072E-1
-5.63154258E-2	1.85678542E-1
-5.54341674E-2	1.82945386E-1
-5.48550896E-2	1.81449115E-1
-5.42963222E-2	1.79946736E-1
-5.40799573E-2	1.79725528E-1
-5.40497750E-2	1.79680690E-1
-5.37376031E-2	1.78550392E-1
-5.32657802E-2	1.77037612E-1
-5.28552569E-2	1.75356552E-1
-5.22565730E-2	1.72686800E-1
-5.15020937E-2	1.70995563E-1
-5.05995452E-2	1.68309629E-1
-5.00754416E-2	1.66994601E-1
-4.92586680E-2	1.64361596E-1
-4.85960357E-2	1.62760124E-1
-4.81420420E-2	1.61333710E-1
-4.73071598E-2	1.59160137E-1
-4.67984229E-2	1.57708317E-1
-4.64791246E-2	1.56776085E-1
-4.62724566E-2	1.56307653E-1
-4.60917316E-2	1.55462354E-1
-4.57907394E-2	1.54577181E-1
-4.53297533E-2	1.53218225E-1
-4.48653139E-2	1.51866019E-1
-4.47301306E-2	1.51478678E-1
-4.42813225E-2	1.50212154E-1
-4.38291728E-2	1.48905665E-1
-4.35218811E-2	1.48023754E-1
-4.31751534E-2	1.47044316E-1
-4.28329222E-2	1.45820111E-1
-4.25344259E-2	1.44954145E-1
-4.19146642E-2	1.42572939E-1
-4.13353033E-2	1.41120568E-1
-4.08972874E-2	1.39771506E-1
-4.00238708E-2	1.37179106E-1
-3.92682143E-2	1.35607362E-1
-3.89122739E-2	1.34239659E-1
-3.81519273E-2	1.32889554E-1
-3.76645029E-2	1.30975708E-1
-3.73086818E-2	1.29652500E-1
-3.65860797E-2	1.28413409E-1
-3.61021906E-2	1.27003789E-1
-3.57259288E-2	1.24870755E-1
-3.51713412E-2	1.23667628E-1
-3.46192457E-2	1.22328147E-1
-3.41489352E-2	1.21192202E-1
-3.38994600E-2	1.20999925E-1
-3.36249545E-2	1.20240398E-1
-3.31818387E-2	1.19008459E-1
-3.28623690E-2	1.18148118E-1
-3.24252248E-2	1.16152115E-1
-3.17629054E-2	1.14721961E-1
-3.14146318E-2	1.13767654E-1
-3.06821521E-2	1.11475654E-1
-3.01915314E-2	1.09978825E-1
-2.97509562E-2	1.08404875E-1
-2.88561247E-2	1.05968378E-1
-2.78375968E-2	9.77022871E-2
-2.70534623E-2	9.72432494E-2
-2.59141587E-2	9.64027122E-2
-2.51079183E-2	9.58425775E-2
-2.40735468E-2	9.38370377E-2
-2.34116782E-2	9.13082957E-2
-2.24629436E-2	8.96854028E-2
-2.18229294E-2	8.81244913E-2
-2.14728434E-2	8.72802362E-2
-2.12192424E-2	8.69828761E-2
-2.10249498E-2	8.62054750E-2
-2.08166465E-2	8.50237906E-2
-2.03525741E-2	8.42180103E-2
-1.97051000E-2	8.29402730E-2
-1.92963127E-2	8.13448504E-2
-1.86356921E-2	8.02778155E-2
-1.78346373E-2	7.81178772E-2
-1.74608119E-2	7.67107010E-2
-1.68185290E-2	7.56056383E-2
-1.64008681E-2	7.38424286E-2
-1.59864370E-2	7.17043802E-2
-1.51588311E-2	7.03098699E-2
-1.44401425E-2	6.90620616E-2
-1.40375746E-2	6.77079558E-2
-1.37603888E-2	6.73782229E-2
-1.34502668E-2	6.64059445E-2
-1.29546467E-2	6.50266185E-2
-1.26163559E-2	6.36994019E-2
-1.19477920E-2	6.30564392E-2
-1.13293519E-2	6.12683594E-2
-1.10493824E-2	5.90651967E-2
-1.01429047E-2	5.74512929E-2
-9.13923886E-3	5.48954383E-2
-8.56769457E-3	5.28284498E-2
-7.87233096E-3	5.18584549E-2
-7.48861581E-3	5.08368164E-2
-7.29142642E-3	4.98085879E-2
-6.92721503E-3	4.89825383E-2
-6.46620849E-3	4.76291478E-2
-6.12219702E-3	4.56903204E-2
-5.39806718E-3	4.50868048E-2
-4.91310749E-3	4.36135642E-2
-4.60101664E-3	4.23140451E-2
-4.16491460E-3	4.15955186E-2
-3.73636908E-3	4.03051600E-2
-3.42912483E-3	3.89523245E-2
-2.96533736E-3	3.80514972E-2
-2.70214304E-3	3.69385257E-2
-2.23477487E-3	3.54022421E-2
-1.92717055E-3	3.39419693E-2
-1.34859874E-3	3.25289816E-2
-6.80404308E-4	3.07668429E-2
-4.37498908E-4	2.95567513E-2
-9.31221366E-5	2.91644093E-2
1.72315758E-5	2.84233652E-2
1.72677574E-5	2.83793584E-2
1.73531207E-5	2.83679832E-2
1.73016761E-5	2.83474829E-2
1.72214004E-5	2.83352789E-2
1.73853441E-5	2.83290483E-2
1.73949538E-5	2.83217244E-2
1.75278037E-5	2.83102430E-2
1.76001649E-5	2.83009354E-2
1.77720231E-5	2.82870699E-2
1.78031150E-5	2.82744151E-2
1.79178751E-5	2.82697659E-2
1.80292427E-5	2.82632019E-2
1.80286788E-5	2.82590371E-2
1.77793718E-5	2.82576382E-2
1.77782422E-5	2.82535776E-2
1.78426872E-5	2.82474775E-2
1.78285554E-5	2.82412134E-2
1.77663696E-5	2.82304566E-2
1.77985930E-5	2.82177664E-2
1.78251630E-5	2.82108709E-2
1.79546205E-5	2.82058679E-2
1.81089545E-5	2.81994808E-2
1.81733994E-5	2.81968862E-2
1.80982133E-5	2.81947125E-2
1.81281739E-5	2.81916652E-2
1.80727729E-5	2.81877238E-2
1.78234677E-5	2.81856712E-2
1.79681883E-5	2.81824376E-2
1.78296850E-5	2.81776693E-2
1.78924365E-5	2.81756818E-2
1.80337665E-5	2.81716287E-2
1.79794915E-5	2.81682946E-2
1.82813674E-5	2.81674508E-2
1.82468775E-5	2.81664319E-2
1.82321746E-5	2.81657744E-2
1.81999512E-5	2.81650908E-2
1.82491349E-5	2.81632245E-2
1.83785942E-5	2.81591490E-2
1.84125129E-5	2.81567760E-2
1.83746361E-5	2.81519499E-2
1.83367592E-5	2.81481408E-2
1.83853772E-5	2.81472560E-2
1.84130786E-5	2.81443968E-2
1.84209930E-5	2.81432755E-2
1.86216803E-5	2.81416252E-2
1.86968682E-5	2.81370338E-2
1.86725592E-5	2.81342696E-2
1.85329263E-5	2.81307288E-2
1.84950495E-5	2.81258393E-2
1.83186694E-5	2.81214584E-2
1.85001372E-5	2.81199645E-2
1.84718720E-5	2.81165577E-2
1.86120706E-5	2.81132627E-2
1.87630103E-5	2.81121358E-2
1.86714296E-5	2.81102806E-2
1.88992526E-5	2.81082205E-2
1.93057185E-5	2.81056110E-2
1.93413325E-5	2.81031094E-2
1.92695370E-5	2.80995890E-2
1.93452906E-5	2.80968118E-2
1.89122547E-5	2.80942954E-2
1.88545928E-5	2.80883592E-2
1.91265117E-5	2.80819926E-2
1.91706058E-5	2.80783381E-2
1.93967353E-5	2.80750319E-2
1.93147625E-5	2.80712340E-2
1.94651384E-5	2.80685462E-2
1.93356809E-5	2.80649960E-2
1.93339838E-5	2.80616097E-2
1.95770717E-5	2.80604903E-2
1.93028918E-5	2.80593112E-2
1.91429062E-5	2.80593317E-2
1.90145784E-5	2.80576367E-2
1.89603088E-5	2.80556884E-2
1.89608727E-5	2.80526169E-2
4.37696872E-4	2.70827506E-2
1.66116201E-3	2.36550011E-2
2.47996440E-3	2.02011447E-2
3.30366404E-3	1.78790167E-2
4.06756578E-3	1.66011471E-2
3.93402996E-3	1.70924179E-2
3.38297826E-3	1.76908709E-2
2.14675278E-3	1.96378641E-2
1.31776114E-3	2.13077366E-2
4.30373708E-4	2.22566761E-2
1.98088528E-5	2.29585599E-2
1.96166438E-5	2.29774881E-2
1.95505017E-5	2.29850803E-2
1.94035183E-5	2.29970459E-2
1.93260694E-5	2.29982883E-2
1.93209817E-5	2.29953341E-2
1.91853051E-5	2.29754355E-2
2.27149038E-4	2.17967890E-2
1.27076160E-3	2.05476526E-2
2.48713535E-3	1.85724832E-2
3.30968853E-3	1.68176033E-2
4.05734824E-3	1.61433816E-2
4.70745657E-3	1.51765766E-2
5.61049534E-3	1.39880553E-2
6.30781334E-3	1.31333498E-2
7.38555565E-3	1.20601244E-2
8.11562035E-3	1.13176517E-2
8.74176528E-3	1.08971624E-2
9.59002599E-3	1.04481196E-2
1.02442140E-2	1.02277612E-2
1.02840019E-2	1.02030691E-2
1.03216628E-2	1.01953018E-2
1.03654442E-2	1.01915458E-2
1.03961499E-2	1.01940595E-2
1.05760135E-2	1.01897325E-2
1.10185789E-2	1.01946099E-2
1.13034872E-2	1.02817249E-2
1.20241810E-2	1.05823679E-2
1.26396297E-2	1.11848889E-2
1.29845990E-2	1.19265486E-2
1.36066778E-2	1.27341645E-2
1.40757291E-2	1.43447472E-2
1.43660046E-2	1.60700306E-2
1.47945937E-2	1.72366686E-2
1.49931423E-2	1.83968470E-2
1.50658535E-2	1.90177225E-2
1.52384620E-2	2.02941298E-2
1.56922527E-2	2.23363694E-2
1.61378291E-2	2.37586256E-2
1.66389868E-2	2.61238832E-2
1.72377583E-2	2.89033856E-2
1.77274998E-2	3.14747691E-2
1.83157437E-2	3.37125398E-2
1.87292174E-2	3.57970819E-2
1.92470942E-2	3.76387164E-2
1.96593534E-2	3.90557013E-2
2.02389807E-2	4.06565405E-2
2.06787270E-2	4.21413518E-2
2.09688619E-2	4.31117192E-2
2.11999118E-2	4.35566381E-2
2.12193076E-2	4.36826758E-2
2.12231707E-2	4.38155308E-2
2.12313179E-2	4.38927151E-2
2.14163736E-2	4.49332446E-2
2.17063110E-2	4.59389910E-2
2.21582577E-2	4.75728288E-2
2.24890206E-2	4.99220379E-2
2.32020970E-2	5.11798896E-2
2.35246643E-2	5.30772582E-2
2.39995476E-2	5.49353510E-2
2.43054330E-2	5.54126762E-2
2.43255198E-2	5.58428057E-2
2.43395958E-2	5.60847484E-2
2.43494026E-2	5.62345423E-2
2.43892595E-2	5.65420054E-2
2.45485827E-2	5.72612658E-2
2.49916445E-2	5.88065945E-2
2.52901483E-2	5.98805360E-2
2.58002225E-2	6.21958636E-2
2.64177807E-2	6.43297061E-2
2.67339665E-2	6.58756793E-2
2.75018699E-2	6.80485591E-2
2.83504613E-2	7.15205595E-2
2.86593772E-2	7.38602802E-2
2.99902055E-2	7.84685537E-2
3.10819540E-2	8.20002332E-2
3.16770189E-2	8.37735608E-2
3.25973220E-2	8.70508850E-2
3.34851183E-2	9.01006609E-2
3.41849737E-2	9.14675891E-2
3.54139134E-2	9.53905135E-2
3.62389721E-2	9.81978849E-2
3.68393362E-2	1.00017473E-1
3.75522971E-2	1.01861998E-1
3.78811434E-2	1.03763349E-1
3.83771509E-2	1.05068438E-1
3.90181020E-2	1.06911294E-1
3.98089662E-2	1.08601302E-1
4.04117666E-2	1.10676363E-1
4.11444828E-2	1.12392105E-1
4.23785560E-2	1.22903273E-1
4.31561247E-2	1.24179259E-1
4.48396243E-2	1.25523210E-1
4.59199101E-2	1.26940981E-1
4.70203683E-2	1.29694909E-1
4.81125973E-2	1.31808564E-1
4.84628715E-2	1.32806405E-1
4.93127219E-2	1.35313854E-1
4.98760603E-2	1.36960521E-1
5.03780507E-2	1.37897834E-1
5.10509871E-2	1.39940485E-1
5.14210574E-2	1.41794816E-1
5.23290262E-2	1.43540367E-1
5.34658954E-2	1.46827653E-1
5.41123450E-2	1.49595886E-1
5.47075197E-2	1.51144221E-1
5.59143722E-2	1.53806418E-1
5.61623760E-2	1.55501142E-1
5.68503514E-2	1.57057628E-1
5.76295704E-2	1.59157068E-1
5.80294281E-2	1.61621541E-1
5.86293377E-2	1.62469268E-1
5.95376678E-2	1.65433243E-1
6.01578280E-2	1.68960989E-1
6.13855496E-2	1.71041444E-1
6.20268993E-2	1.72994420E-1
6.29393384E-2	1.75738111E-1
6.32442385E-2	1.77303776E-1
6.39518499E-2	1.78317174E-1
6.45404756E-2	1.80636033E-1
6.50961623E-2	1.82104960E-1
6.54694438E-2	1.83120817E-1
6.59560636E-2	1.85008764E-1
6.64333031E-2	1.86867505E-1
6.71430156E-2	1.87921643E-1
6.77377284E-2	1.90611392E-1
6.83440864E-2	1.92847982E-1
6.90296590E-2	1.94112673E-1
6.98314011E-2	1.96587682E-1
7.01613203E-2	1.97700381E-1
7.07478672E-2	1.99582264E-1
7.12972283E-2	2.01223761E-1
7.18392059E-2	2.02791005E-1
7.21575394E-2	2.04155460E-1
7.24995211E-2	2.04906344E-1
7.28077665E-2	2.06401885E-1
7.32501969E-2	2.08271787E-1
7.44713992E-2	2.11050674E-1
7.57900923E-2	2.15266123E-1
7.64594823E-2	2.18414173E-1
7.70689696E-2	2.19583839E-1
7.71280974E-2	2.19911754E-1
7.71494880E-2	2.20060945E-1
7.71650821E-2	2.20140815E-1
7.71717504E-2	2.20235437E-1
7.71743953E-2	2.20770538E-1
7.75238127E-2	2.21684575E-1
7.79693499E-2	2.23121300E-1
7.82720000E-2	2.24538207E-1
7.87944868E-2	2.25498140E-1
7.92602599E-2	2.27022350E-1
7.95685947E-2	2.28556782E-1
8.00824538E-2	2.29674146E-1
8.06330889E-2	2.31703430E-1
8.09617564E-2	2.33645365E-1
8.18018913E-2	2.35541105E-1
8.23763981E-2	2.38043383E-1
8.28021914E-2	2.40027234E-1
8.35766569E-2	2.41635144E-1
8.42480808E-2	2.44159639E-1
8.48479196E-2	2.46993423E-1
8.57210457E-2	2.48588666E-1
8.62139836E-2	2.50149697E-1
8.64244998E-2	2.51425952E-1
8.68912339E-2	2.52449453E-1
8.71999636E-2	2.53990024E-1
8.76881927E-2	2.55934715E-1
8.81970376E-2	2.57025540E-1
8.86882171E-2	2.58812994E-1
8.93537626E-2	2.61425257E-1
8.99539366E-2	2.62995899E-1
9.09134373E-2	2.65988290E-1
9.17945057E-2	2.68667251E-1
9.22493562E-2	2.69770622E-1
9.29317921E-2	2.72145569E-1
9.35302153E-2	2.74178058E-1
9.37454030E-2	2.75564134E-1
9.44566578E-2	2.77797967E-1
9.50213298E-2	2.79480755E-1
9.54396725E-2	2.80996174E-1
9.61772203E-2	2.82589704E-1
9.68037620E-2	2.84541368E-1
9.71888974E-2	2.85788327E-1
9.76386145E-2	2.87584007E-1
9.82778594E-2	2.90257454E-1
9.88818854E-2	2.92180359E-1
9.97420102E-2	2.94802189E-1
1.00286633E-1	2.96983778E-1
1.00686260E-1	2.98100531E-1
1.01182520E-1	2.99297512E-1
1.01895884E-1	3.01921099E-1
1.02468833E-1	3.04352671E-1
1.03012078E-1	3.05533886E-1
1.03372961E-1	3.07298928E-1
1.03830203E-1	3.08751017E-1
1.04167864E-1	3.10237706E-1
1.05040915E-1	3.13471019E-1
1.06004886E-1	3.16643775E-1
1.06635608E-1	3.18697631E-1
1.07484788E-1	3.21224749E-1
1.08110212E-1	3.22761834E-1
1.08371682E-1	3.25489819E-1
1.09159932E-1	3.27471524E-1
1.10054217E-1	3.30430537E-1
1.10568643E-1	3.31914365E-1
1.11219339E-1	3.33883882E-1
1.11751430E-1	3.35541129E-1
1.12070531E-1	3.36603582E-1
1.12922043E-1	3.39328200E-1
1.13710746E-1	3.41588914E-1
1.14051133E-1	3.42671245E-1
1.14458255E-1	3.44179779E-1
1.14871562E-1	3.45665336E-1
1.15247227E-1	3.46999913E-1
1.16133660E-1	3.49604070E-1
1.16905697E-1	3.51474404E-1
1.17231958E-1	3.52488279E-1
1.17766559E-1	3.54051203E-1
1.18232802E-1	3.55575532E-1
1.18657969E-1	3.57150257E-1
1.20557263E-1	3.59569401E-1
1.20652296E-1	3.61334920E-1
1.20729156E-1	3.62358004E-1
1.20848291E-1	3.63873035E-1
1.21308193E-1	3.65157038E-1
1.21744141E-1	3.66123736E-1
1.22212611E-1	3.68193626E-1
1.22936919E-1	3.70076060E-1
1.23727143E-1	3.71725589E-1
1.24272406E-1	3.74497533E-1
1.25248909E-1	3.76996905E-1
1.26047552E-1	3.78366321E-1
1.26475796E-1	3.80210221E-1
1.27174363E-1	3.81789088E-1
1.27961591E-1	3.83469373E-1
1.28539652E-1	3.85932982E-1
1.29354700E-1	3.87932897E-1
1.30063429E-1	3.89399916E-1
1.30394474E-1	3.91037852E-1
1.31115809E-1	3.93504709E-1
1.31980211E-1	3.95127982E-1
1.32368788E-1	3.96701753E-1
1.32830784E-1	3.97738665E-1
1.33017078E-1	3.97970647E-1
1.33162320E-1	3.99354100E-1
1.33783653E-1	4.01683420E-1
1.34694472E-1	4.03455615E-1
1.35357782E-1	4.06095147E-1
1.36198923E-1	4.09419447E-1
1.37128517E-1	4.10291642E-1
1.37733400E-1	4.12744373E-1
1.38542756E-1	4.15036172E-1
1.39542848E-1	4.16993558E-1
1.40167624E-1	4.19684947E-1
1.41106322E-1	4.22338486E-1
1.41983673E-1	4.23875839E-1
1.42208487E-1	4.24611688E-1
1.42273620E-1	4.25322115E-1
1.42711088E-1	4.26249713E-1
1.43019274E-1	4.27684635E-1
1.43487141E-1	4.29052621E-1
1.43877372E-1	4.29715693E-1
1.44142598E-1	4.31070805E-1
1.44616976E-1	4.33650821E-1
1.45500138E-1	4.34481949E-1
1.46147698E-1	4.37345743E-1
1.48102209E-1	4.39265698E-1
1.48943931E-1	4.42776829E-1
1.49405554E-1	4.46478635E-1
1.50626600E-1	4.49580252E-1
1.51626378E-1	4.51390773E-1
1.52201399E-1	4.53620285E-1
1.53275430E-1	4.56045210E-1
1.54351264E-1	4.57976550E-1
1.54985353E-1	4.60780472E-1
1.55822784E-1	4.63115335E-1
1.56723037E-1	4.64773595E-1
1.57004580E-1	4.67580318E-1
1.58339038E-1	4.70242023E-1
1.59190193E-1	4.71886396E-1
1.59395590E-1	4.73652393E-1
1.60042301E-1	4.75004554E-1
1.60452023E-1	4.75834966E-1
1.60707831E-1	4.76952076E-1
1.60973206E-1	4.77371067E-1
1.61060214E-1	4.77457911E-1
1.61204308E-1	4.78935987E-1
1.62043527E-1	4.81203467E-1
1.63255960E-1	4.82749164E-1
1.63573161E-1	4.86100614E-1
1.64488629E-1	4.87030298E-1
1.65045917E-1	4.87982452E-1
1.65650979E-1	4.90240604E-1
1.66442484E-1	4.91955221E-1
1.67347729E-1	4.93434161E-1
1.67912602E-1	4.95827734E-1
1.68956563E-1	4.98524219E-1
1.70173451E-1	5.00335038E-1
1.70818880E-1	5.03025055E-1
1.72047600E-1	5.05331516E-1
1.72770768E-1	5.06364226E-1
1.73161447E-1	5.08245349E-1
1.73968673E-1	5.09663880E-1
1.74527586E-1	5.10460734E-1
1.75013602E-1	5.12126446E-1
1.75735116E-1	5.13114750E-1
1.76319644E-1	5.13996542E-1
1.76875547E-1	5.15594780E-1
1.77760705E-1	5.17403662E-1
1.78681642E-1	5.18609583E-1
1.79163292E-1	5.20193875E-1
1.80066392E-1	5.21601498E-1
1.80570960E-1	5.22233367E-1
1.80993855E-1	5.23809671E-1
1.81760266E-1	5.24923623E-1
1.82722479E-1	5.25794625E-1
1.83033571E-1	5.27279794E-1
1.83737710E-1	5.28504372E-1
1.84685946E-1	5.28966486E-1
1.84921384E-1	5.30530214E-1
1.86142355E-1	5.32519102E-1
1.87613636E-1	5.34044981E-1
1.88610703E-1	5.36033452E-1
1.89791501E-1	5.37281632E-1
1.90701380E-1	5.38073778E-1
1.91205055E-1	5.38971126E-1
1.91743523E-1	5.39754212E-1
1.92563221E-1	5.40431261E-1
1.93170100E-1	5.41671395E-1
1.94478586E-1	5.43121934E-1
1.95705175E-1	5.43994188E-1
1.96538389E-1	5.45175731E-1
1.97348177E-1	5.45818865E-1
1.97862223E-1	5.46177030E-1
1.98190704E-1	5.46587706E-1
1.98273867E-1	5.46744049E-1
1.98332146E-1	5.46828091E-1
1.98336393E-1	5.46908081E-1
1.98343456E-1	5.46949506E-1
1.98345050E-1	5.46975911E-1
1.98345393E-1	5.47001243E-1
1.98346078E-1	5.47026813E-1
1.98351666E-1	5.47052503E-1
1.98550075E-1	5.47552109E-1
1.99666843E-1	5.48520029E-1
2.00980991E-1	5.49180627E-1
2.01880276E-1	5.50114214E-1
2.02787042E-1	5.50537109E-1
2.03051448E-1	5.50651968E-1
2.03360483E-1	5.50993085E-1
2.03826740E-1	5.51305950E-1
2.04279706E-1	5.51509798E-1
2.04490498E-1	5.51835477E-1
2.04964146E-1	5.52122116E-1
2.05433428E-1	5.52319288E-1
2.05750376E-1	5.52707851E-1
2.06780925E-1	5.53631902E-1
2.08119228E-1	5.53888857E-1
2.09174871E-1	5.54826021E-1
2.10821778E-1	5.55484593E-1
2.11576834E-1	5.55675447E-1
2.11891666E-1	5.55895209E-1
2.12482080E-1	5.56122899E-1
2.13177532E-1	5.56351662E-1
2.13784665E-1	5.56736588E-1
2.14607581E-1	5.57064772E-1
2.15497181E-1	5.57302117E-1
2.15936914E-1	5.57534814E-1
2.16484442E-1	5.57776690E-1
2.17707217E-1	5.57999313E-1
2.18445823E-1	5.58357120E-1
2.19947606E-1	5.58843017E-1
2.21058398E-1	5.59178829E-1
2.21904472E-1	5.59599757E-1
2.23347038E-1	5.60021043E-1
2.25402489E-1	5.60292363E-1
2.25874171E-1	5.60704947E-1
2.27544740E-1	5.61083913E-1
2.29002163E-1	5.61276197E-1
2.29652748E-1	5.61485767E-1
2.30582699E-1	5.61688304E-1
2.31743500E-1	5.61828673E-1
2.32399657E-1	5.62013805E-1
2.33399883E-1	5.62203884E-1
2.34410271E-1	5.62292933E-1
2.34794185E-1	5.62437236E-1
2.35459715E-1	5.62641919E-1
2.36755654E-1	5.62785923E-1
2.37414017E-1	5.62946022E-1
2.38285020E-1	5.63045979E-1
2.38592327E-1	5.63067853E-1
2.38655239E-1	5.63111007E-1
2.39355847E-1	5.63212991E-1
2.40281999E-1	5.63288569E-1
2.40900651E-1	5.63420475E-1
2.42080197E-1	5.63538253E-1
2.42786631E-1	5.63587248E-1
2.42999032E-1	5.63700140E-1
2.43741915E-1	5.63785315E-1
2.44248912E-1	5.63831270E-1
2.44753167E-1	5.63883781E-1
2.44911149E-1	5.63909531E-1
2.45247170E-1	5.63950419E-1
2.45595559E-1	5.64064741E-1
2.46860251E-1	5.64211547E-1
2.48437285E-1	5.64298391E-1
2.48750031E-1	5.64384997E-1
2.49353632E-1	5.64410031E-1
2.49392897E-1	5.64420104E-1
2.49407217E-1	5.64444423E-1
2.49428600E-1	5.64471722E-1
2.49482185E-1	5.64489007E-1
2.49692112E-1	5.64541221E-1
2.50458986E-1	5.64641714E-1
2.51030385E-1	5.64667881E-1
2.51877278E-1	5.64760327E-1
2.52408653E-1	5.64822793E-1
2.52444416E-1	5.64847946E-1
2.52465129E-1	5.64876258E-1
2.52443045E-1	5.64869225E-1
2.51696467E-1	5.64824224E-1
2.50433505E-1	5.64565539E-1
2.45608300E-1	5.64072132E-1
2.39968464E-1	5.63722134E-1
2.36381903E-1	5.63147247E-1
2.31660649E-1	5.62689900E-1
2.28633568E-1	5.62475085E-1
2.27325425E-1	5.62160671E-1
2.26265892E-1	5.61942637E-1
2.25438267E-1	5.61843455E-1
2.24788070E-1	5.61640859E-1
2.23675087E-1	5.61417758E-1
2.22468600E-1	5.61224222E-1
2.21621409E-1	5.60970366E-1
2.20654130E-1	5.60784042E-1
2.19824940E-1	5.60626864E-1
2.19184101E-1	5.60369313E-1
2.18074322E-1	5.60032368E-1
2.16756433E-1	5.59793115E-1
2.16120884E-1	5.59531450E-1
2.15228960E-1	5.59258997E-1
2.14065030E-1	5.59065640E-1
2.13424534E-1	5.58573604E-1
2.12604538E-1	5.58159888E-1
2.10991994E-1	5.57823181E-1
2.10631415E-1	5.57195783E-1
2.08986372E-1	5.56396723E-1
2.07025126E-1	5.56040883E-1
2.05500513E-1	5.54647505E-1
2.02739194E-1	5.53124130E-1
2.00533822E-1	5.52218080E-1
1.99210629E-1	5.50927103E-1
1.97909802E-1	5.50221980E-1
1.97174087E-1	5.49821973E-1
1.96555987E-1	5.49043655E-1
1.95632651E-1	5.48218846E-1
1.94150910E-1	5.47539055E-1
1.93768948E-1	5.46120942E-1
1.92400664E-1	5.44713676E-1
1.91029623E-1	5.43736517E-1
1.90226808E-1	5.42278588E-1
1.88915834E-1	5.40400684E-1
1.87766969E-1	5.39990306E-1
1.86340362E-1	5.38094640E-1
1.85226887E-1	5.34936488E-1
1.82631910E-1	5.32887459E-1
1.81236193E-1	5.30784965E-1
1.79234281E-1	5.26581347E-1
1.77952468E-1	5.25565505E-1
1.76868141E-1	5.22578120E-1
1.74764231E-1	5.18760562E-1
1.73121497E-1	5.17634392E-1
1.72646195E-1	5.15058875E-1
1.71488330E-1	5.12981892E-1
1.70354843E-1	5.11601925E-1
1.69881329E-1	5.10169983E-1
1.68991163E-1	5.08121610E-1
1.67736590E-1	5.06377578E-1
1.66822106E-1	5.02945065E-1
1.64331004E-1	4.98939335E-1
1.62592649E-1	4.96489555E-1
1.62005097E-1	4.92131084E-1
1.60112992E-1	4.87149626E-1
1.58537209E-1	4.86070007E-1
1.57468617E-1	4.82374668E-1
1.56167328E-1	4.80046362E-1
1.55182332E-1	4.78567630E-1
1.54549748E-1	4.76060271E-1
1.53131768E-1	4.73808169E-1
1.52326003E-1	4.71178651E-1
1.51704580E-1	4.69248027E-1
1.50904596E-1	4.68010902E-1
1.50153115E-1	4.67038184E-1
1.49973825E-1	4.65650320E-1
1.48851499E-1	4.61108118E-1
1.46415368E-1	4.59588617E-1
1.44979879E-1	4.54074889E-1
1.42831311E-1	4.48710799E-1
1.40873000E-1	4.45282727E-1
1.40254036E-1	4.40059245E-1
1.38179943E-1	4.34770584E-1
1.35586947E-1	4.31451380E-1
1.34569660E-1	4.27355230E-1
1.33575082E-1	4.25123215E-1
1.33180454E-1	4.24325675E-1
1.32991493E-1	4.23465520E-1
1.32502154E-1	4.22119528E-1
1.31623670E-1	4.20589387E-1
1.31302923E-1	4.17344183E-1
1.29935056E-1	4.13919717E-1
1.27994329E-1	4.11264747E-1
1.26798257E-1	4.06470597E-1
1.24819063E-1	3.99779856E-1
1.22984394E-1	3.98116738E-1
1.22361846E-1	3.91522169E-1
1.20726615E-1	3.89199644E-1
1.19054377E-1	3.86809707E-1
1.18410997E-1	3.84399921E-1
1.17883079E-1	3.82968754E-1
1.17666386E-1	3.82467300E-1
1.17420577E-1	3.81335050E-1
1.17157057E-1	3.80249470E-1
1.16760053E-1	3.79513830E-1
1.16490550E-1	3.78692418E-1
1.16316952E-1	3.78528804E-1
1.16256408E-1	3.78405869E-1
1.16074897E-1	3.77664328E-1
1.15609340E-1	3.76373321E-1
1.15284927E-1	3.75472397E-1
1.14570960E-1	3.72506648E-1
1.13911062E-1	3.71043622E-1
1.13426395E-1	3.70596737E-1
1.13204166E-1	3.70152891E-1
1.13443352E-1	3.71361673E-1
1.13916352E-1	3.72342110E-1
1.14284813E-1	3.73960525E-1
1.15154698E-1	3.76280904E-1
1.16027243E-1	3.77861619E-1
1.16623960E-1	3.80225033E-1
1.17364511E-1	3.81646574E-1
1.18112832E-1	3.83197218E-1
1.18412584E-1	3.83996814E-1
1.18698381E-1	3.85125369E-1
1.19101740E-1	3.85821432E-1
1.19003080E-1	3.85202050E-1
1.18754819E-1	3.84170055E-1
1.18348226E-1	3.83433998E-1
1.17980801E-1	3.81418675E-1
1.17269672E-1	3.80044371E-1
1.16623946E-1	3.78765762E-1
1.16028801E-1	3.76202404E-1
1.14827543E-1	3.72684449E-1
1.12391822E-1	3.67155403E-1
1.11777291E-1	3.61762583E-1
1.10029519E-1	3.57596129E-1
1.08428642E-1	3.56361955E-1
1.07861362E-1	3.53439808E-1
1.06490351E-1	3.48802835E-1
1.05284527E-1	3.44771385E-1
1.03311069E-1	3.38246703E-1
1.01649471E-1	3.31938952E-1
1.00912973E-1	3.31296682E-1
1.00744307E-1	3.30147952E-1
1.00650959E-1	3.29064518E-1
9.91892517E-2	3.28562945E-1
9.88652930E-2	3.26064169E-1
9.86889154E-2	3.19616526E-1
9.69678611E-2	3.17969412E-1
9.52235907E-2	3.12134057E-1
9.42880213E-2	3.07438821E-1
9.33170989E-2	3.04954648E-1
9.26244929E-2	3.03194404E-1
9.24343914E-2	2.99438506E-1
9.14783701E-2	2.97351062E-1
9.00219232E-2	2.94568062E-1
8.93920138E-2	2.90829331E-1
8.87615830E-2	2.89818227E-1
8.77707005E-2	2.86091089E-1
8.69862065E-2	2.81787246E-1
8.60123336E-2	2.80717075E-1
8.49827826E-2	2.76303619E-1
8.44094902E-2	2.73291260E-1
8.34676400E-2	2.70898849E-1
8.20619613E-2	2.68453300E-1
8.17495808E-2	2.64350116E-1
8.06971639E-2	2.62299985E-1
7.95913562E-2	2.59810627E-1
7.93567821E-2	2.56920815E-1
7.84521177E-2	2.56030709E-1
7.78659955E-2	2.53801495E-1
7.72813335E-2	2.50006407E-1
7.62706921E-2	2.48974591E-1
7.52294660E-2	2.45337486E-1
7.44374916E-2	2.42018923E-1
7.34943300E-2	2.39564717E-1
7.30092749E-2	2.38552481E-1
7.28013888E-2	2.38033682E-1
7.27203488E-2	2.37921000E-1
7.26058483E-2	2.37166718E-1
7.23232329E-2	2.35780180E-1
7.18707889E-2	2.34812692E-1
7.12316185E-2	2.31725097E-1
7.07263052E-2	2.30135441E-1
7.00758174E-2	2.29283795E-1
6.91219345E-2	2.25073725E-1
6.84220344E-2	2.23098546E-1
6.74845129E-2	2.20129326E-1
6.68455884E-2	2.18936726E-1
6.64954856E-2	2.16774434E-1
6.60182238E-2	2.16274723E-1
6.53252229E-2	2.13795424E-1
6.47310987E-2	2.10366368E-1
6.37509897E-2	2.08425477E-1
6.26422912E-2	2.05907464E-1
6.19590133E-2	2.01528490E-1
6.07330836E-2	2.00142384E-1
5.96340299E-2	1.96319029E-1
5.87848164E-2	1.90745786E-1
5.72226197E-2	1.87545761E-1
5.58252670E-2	1.84637412E-1
5.49872741E-2	1.81081593E-1
5.39001785E-2	1.77897766E-1
5.29850572E-2	1.75881371E-1
5.23598306E-2	1.73033386E-1
5.13021462E-2	1.71176329E-1
5.04006110E-2	1.68006837E-1
5.00281416E-2	1.66444585E-1
4.94582579E-2	1.65232196E-1
4.90818135E-2	1.64184138E-1
4.84980121E-2	1.62095472E-1
4.74201776E-2	1.60196602E-1
4.65792418E-2	1.56193241E-1
4.47711460E-2	1.50236472E-1
4.25557829E-2	1.44222245E-1
4.12062220E-2	1.40414938E-1
3.95216495E-2	1.35831073E-1
3.89868803E-2	1.34832308E-1
3.86466160E-2	1.34415910E-1
3.85905690E-2	1.34242639E-1
3.85710374E-2	1.34198785E-1
3.85567062E-2	1.34166092E-1
3.85506041E-2	1.34141713E-1
3.85484546E-2	1.34128720E-1
3.85466963E-2	1.34117648E-1
3.85457389E-2	1.34105682E-1
3.85453664E-2	1.34105071E-1
3.85449678E-2	1.34102136E-1
3.85445692E-2	1.34099126E-1
3.85443978E-2	1.34098709E-1
3.85444053E-2	1.34091392E-1
3.85442153E-2	1.34087056E-1
3.85441817E-2	1.34083360E-1
3.85437123E-2	1.34078264E-1
3.85432690E-2	1.34075105E-1
3.85424234E-2	1.34073168E-1
3.85411717E-2	1.34070337E-1
3.85400206E-2	1.34066388E-1
3.85398865E-2	1.34066746E-1
3.85408103E-2	1.34067908E-1
3.85420583E-2	1.34071305E-1
3.85427475E-2	1.34073347E-1
3.85427848E-2	1.34072572E-1
3.85088138E-2	1.32885262E-1
3.80694121E-2	1.31254882E-1
3.71684171E-2	1.29562274E-1
3.62466834E-2	1.26151711E-1
3.54783684E-2	1.25500917E-1
3.53893712E-2	1.24691643E-1
3.50474976E-2	1.23557962E-1
3.45942229E-2	1.22592740E-1
3.41280028E-2	1.21050775E-1
3.33472043E-2	1.17845960E-1
3.25501114E-2	1.15013339E-1
3.00717838E-2	1.11420415E-1
2.88476814E-2	1.04921743E-1
2.71838252E-2	1.03639044E-1
2.65976749E-2	9.92546827E-2
2.59547867E-2	9.83163193E-2
2.52829790E-2	9.73074958E-2
2.46449690E-2	9.58266854E-2
2.37350911E-2	9.32588875E-2
2.33568083E-2	9.23382267E-2
2.28931010E-2	9.14009511E-2
2.24276818E-2	8.97557139E-2
2.19424311E-2	8.89019296E-2
2.15556975E-2	8.63742456E-2
2.05115285E-2	8.39282647E-2
1.98665541E-2	8.22647288E-2
1.87835284E-2	7.92435631E-2
1.77871119E-2	7.77354836E-2
1.74083207E-2	7.68894479E-2
1.68442838E-2	7.57052153E-2
1.60985887E-2	7.33964443E-2
1.54648870E-2	7.08657280E-2
1.37985302E-2	6.72847033E-2
1.28672970E-2	6.41436353E-2
1.17219817E-2	6.24556430E-2
1.06460350E-2	5.96409477E-2
1.00777959E-2	5.77808321E-2
9.65237804E-3	5.67647368E-2
8.78259260E-3	5.49110696E-2
8.37195572E-3	5.38660549E-2
7.65513349E-3	5.19772768E-2
6.82508806E-3	4.96997610E-2
6.39082305E-3	4.81094867E-2
5.20852674E-3	4.44422103E-2
4.45837341E-3	4.19393368E-2
3.10279243E-3	3.63436528E-2
2.09832122E-3	3.39065120E-2
1.07247080E-3	3.11470963E-2
3.98108852E-4	2.98156906E-2
2.53794915E-5	2.92472597E-2
2.48803153E-5	2.91506592E-2
2.44501061E-5	2.91172471E-2
2.42098449E-5	2.90785264E-2
2.39746732E-5	2.90570296E-2
2.39543206E-5	2.90427264E-2
2.38389948E-5	2.90346909E-2
2.37513686E-5	2.90264077E-2
2.36303895E-5	2.90070120E-2
2.33856044E-5	2.89973263E-2
2.34997988E-5	2.89836656E-2
2.34455274E-5	2.89778151E-2
2.34636191E-5	2.89678872E-2
2.33957799E-5	2.89581027E-2
2.33081555E-5	2.89495029E-2
2.32069633E-5	2.89454293E-2
2.30266269E-5	2.89382525E-2
2.30334099E-5	2.89312340E-2
2.29101715E-5	2.89262999E-2
2.28587269E-5	2.89201122E-2
2.28570298E-5	2.89173014E-2
2.28383742E-5	2.89162174E-2
2.27761902E-5	2.89118197E-2
2.27038290E-5	2.89088022E-2
2.25681524E-5	2.89026946E-2
2.22956678E-5	2.88974736E-2
2.22532690E-5	2.88930424E-2
2.24256910E-5	2.88876817E-2
2.24584801E-5	2.88859624E-2
2.24635678E-5	2.88844183E-2
2.23917723E-5	2.88816448E-2
2.23827283E-5	2.88812835E-2
2.24081668E-5	2.88786013E-2
2.23872503E-5	2.88764630E-2
2.23912066E-5	2.88758501E-2
2.21927803E-5	2.88744289E-2
2.22244380E-5	2.88735703E-2
2.23290226E-5	2.88730022E-2
2.24008181E-5	2.88695972E-2
2.23442876E-5	2.88641471E-2
2.21475566E-5	2.88612805E-2
2.18942932E-5	2.88580749E-2
2.17817960E-5	2.88513396E-2
2.18818568E-5	2.88498402E-2
2.19383892E-5	2.88453065E-2
2.21187274E-5	2.88432539E-2
2.20848069E-5	2.88427249E-2
2.20113161E-5	2.88408175E-2
2.19542180E-5	2.88378689E-2
2.18236291E-5	2.88361497E-2
2.17343095E-5	2.88293157E-2
2.17473116E-5	2.88213287E-2
2.15471882E-5	2.88163610E-2
2.16325516E-5	2.88102310E-2
2.16076769E-5	2.88066901E-2
2.18055393E-5	2.88050380E-2
2.18185414E-5	2.88040061E-2
2.17371362E-5	2.88036019E-2
2.18032783E-5	2.88037602E-2
2.17020861E-5	2.88037173E-2
2.18287169E-5	2.88033895E-2
2.18281530E-5	2.87907515E-2
2.18309797E-5	2.87790857E-2
2.17230026E-5	2.87606996E-2
2.17116958E-5	2.87480671E-2
2.17399629E-5	2.87375841E-2
2.15754553E-5	2.87192501E-2
2.15494492E-5	2.87080016E-2
2.15573637E-5	2.86866315E-2
2.14804804E-5	2.86839437E-2
2.15409691E-5	2.86835674E-2
2.14573029E-5	2.86824554E-2
2.15093205E-5	2.86797695E-2
2.14663614E-5	2.86786053E-2
2.14070114E-5	2.86781583E-2
2.14364154E-5	2.86755543E-2
2.14132360E-5	2.86738854E-2
2.13832755E-5	2.86708698E-2
2.13928852E-5	2.86684427E-2
2.12769937E-5	2.86665373E-2
2.13143048E-5	2.86662243E-2
2.12057639E-5	2.86651831E-2
2.11424485E-5	2.86624543E-2
2.12334653E-5	2.86601335E-2
2.09971604E-5	2.86547579E-2
2.10214694E-5	2.86536552E-2
2.11774986E-5	2.86532007E-2
2.07229805E-5	2.86526531E-2
2.08439596E-5	2.86520515E-2
2.07665107E-5	2.86515728E-2
2.08416986E-5	2.86510363E-2
2.07314606E-5	2.86497585E-2
2.06347904E-5	2.86481809E-2
2.07342873E-5	2.86462568E-2
2.08541351E-5	2.86450163E-2
2.08886195E-5	2.86442935E-2
2.07405064E-5	2.86445748E-2
2.07568992E-5	2.86452603E-2
2.07337216E-5	2.86458917E-2
2.07812081E-5	2.86469348E-2
2.07789471E-5	2.86461581E-2
2.06093518E-5	2.86444444E-2
2.06737986E-5	2.86408309E-2
2.07037592E-5	2.86397915E-2
2.08428282E-5	2.86370013E-2
2.07094090E-5	2.86244042E-2
2.06958357E-5	2.86162328E-2
2.05782471E-5	2.86044870E-2
2.05126671E-5	2.85981242E-2
2.04340868E-5	2.85977535E-2
2.04708340E-5	2.85975207E-2
2.04747903E-5	2.85965521E-2
2.03707714E-5	2.85951868E-2
2.05234082E-5	2.85942145E-2
2.05805045E-5	2.85921451E-2
2.05855922E-5	2.85916477E-2
2.05431934E-5	2.85922140E-2
2.06262957E-5	2.85929982E-2
2.05188844E-5	2.85946000E-2
2.04340868E-5	2.85953470E-2
2.04391745E-5	2.85958778E-2
-5.94283229E-5	2.85295490E-2
-2.67129188E-4	2.72324942E-2
-1.06125686E-3	2.47931350E-2
-1.83446705E-3	2.25888100E-2
-3.02640768E-3	1.82961617E-2
-4.27347329E-3	1.62401497E-2
-5.38589945E-3	1.51743274E-2
-6.07637037E-3	1.38220964E-2
-7.29372399E-3	1.28478110E-2
-7.83398375E-3	1.23513984E-2
-8.40116106E-3	1.19340550E-2
-8.72184243E-3	1.17776673E-2
-8.79669003E-3	1.16857616E-2
-9.14799515E-3	1.14985630E-2
-1.00326631E-2	1.14291534E-2
-1.09081175E-2	1.16248839E-2
-1.22611606E-2	1.29454844E-2
-1.36409272E-2	1.63531974E-2
-1.49336774E-2	1.95450392E-2
-1.58561748E-2	2.53708996E-2
-1.71468221E-2	3.01216077E-2
-1.77044552E-2	3.30656841E-2
-1.89534202E-2	3.60885598E-2
-2.01812424E-2	4.02832292E-2
-2.14847047E-2	4.32598107E-2
-2.21393798E-2	4.71561700E-2
-2.30365321E-2	5.14682159E-2
-2.35694591E-2	5.26136383E-2
-2.45995689E-2	5.67177869E-2
-2.54609566E-2	6.10097721E-2
-2.65014526E-2	6.34976551E-2
-2.75175292E-2	6.85853884E-2
-2.82861795E-2	7.01817498E-2
-2.86156870E-2	7.15437233E-2
-2.88558006E-2	7.21696466E-2
-2.86107603E-2	7.13873953E-2
-2.82055270E-2	7.08034858E-2
-2.77822111E-2	7.01845735E-2
-2.75715198E-2	6.99759573E-2
-2.75487285E-2	6.99657947E-2
-2.75402442E-2	6.99654222E-2
-2.75375396E-2	6.99748099E-2
-2.75361091E-2	6.99886084E-2
-2.75358409E-2	7.00149909E-2
-2.75359508E-2	7.00435713E-2
-2.75363922E-2	7.00614303E-2
-2.75370032E-2	7.00727105E-2
-2.75373328E-2	7.00817183E-2
-2.75378134E-2	7.00849593E-2
-2.75380816E-2	7.00927377E-2
-2.75383387E-2	7.00994432E-2
-2.75385585E-2	7.01104030E-2
-2.75387745E-2	7.01239780E-2
-2.75390819E-2	7.01338276E-2
-2.75357794E-2	7.01286271E-2
-2.75322143E-2	7.01295063E-2
-2.75339093E-2	7.01354221E-2
-2.75345165E-2	7.01375529E-2
-2.75420658E-2	7.01600909E-2
-2.75448840E-2	7.01692700E-2
-2.75483895E-2	7.01729208E-2
-2.75519677E-2	7.01914951E-2
-2.75539737E-2	7.02200681E-2
-2.75548827E-2	7.02445507E-2
-2.75556743E-2	7.02783167E-2
-2.75591835E-2	7.03173280E-2
-2.75647119E-2	7.03359991E-2
-2.75681876E-2	7.03585148E-2
-2.75714789E-2	7.03729540E-2
-2.75770593E-2	7.03893751E-2
-2.75785420E-2	7.04022124E-2
-2.75798067E-2	7.04070330E-2
-2.75807567E-2	7.04144463E-2
-2.75812149E-2	7.04258904E-2
-2.75815520E-2	7.04363436E-2
-2.75823455E-2	7.04447702E-2
-2.75830775E-2	7.04585835E-2
-2.75834315E-2	7.04704747E-2
-2.76410151E-2	7.05526993E-2
-2.83423811E-2	7.42828548E-2
-2.91431006E-2	7.89327472E-2
-3.12402640E-2	8.56810585E-2
-3.53348516E-2	1.32257462E-1
-4.05329056E-2	1.32192895E-1
-4.50975746E-2	1.31799474E-1
-4.71761487E-2	1.31373748E-1
-4.79118004E-2	1.30741924E-1
-4.75385524E-2	1.29630059E-1
-4.65833060E-2	1.27703860E-1
-4.28095087E-2	8.90239477E-2
-3.91294099E-2	8.62912908E-2
-3.18419896E-2	7.75908828E-2
-2.55471915E-2	6.54446110E-2
-1.54209360E-2	4.12151329E-2
-7.18549406E-3	2.14204341E-2
-2.91204941E-3	1.13089494E-2
-2.19175035E-6	6.82578189E-3
1.44185269E-5	6.79862825E-3
1.53535657E-5	6.77204924E-3
1.56181359E-5	6.75367936E-3
1.59940737E-5	6.74776500E-3
1.64163685E-5	6.73946273E-3
1.65429992E-5	6.72794646E-3
1.68691895E-5	6.72025699E-3
1.73610188E-5	6.71237335E-3
1.74865199E-5	6.69249613E-3
1.76628982E-5	6.68497430E-3
1.77601341E-5	6.66969456E-3
1.76120193E-5	6.65645069E-3
1.77183010E-5	6.65034354E-3
1.79410363E-5	6.64444454E-3
1.79591261E-5	6.63545681E-3
1.80931074E-5	6.62983302E-3
1.79964372E-5	6.62542926E-3
1.80326188E-5	6.61927462E-3
1.82649655E-5	6.61576074E-3
1.85363187E-5	6.61073765E-3
1.89060393E-5	6.60413038E-3
1.90383234E-5	6.60086283E-3
1.91677827E-5	6.59740809E-3
1.91152085E-5	6.59090234E-3
1.89947950E-5	6.58352254E-3
1.89687908E-5	6.57397415E-3
1.88455506E-5	6.56487094E-3
1.88235026E-5	6.56025717E-3
1.88449849E-5	6.55720849E-3
1.89767052E-5	6.55564107E-3
1.90620685E-5	6.55284012E-3
1.92220541E-5	6.55003451E-3
1.93272026E-5	6.54850900E-3
1.90801584E-5	6.54759910E-3
1.90202336E-5	6.54747756E-3
1.90892024E-5	6.54681632E-3
1.91395175E-5	6.54539466E-3
1.92689749E-5	6.54262118E-3
1.94900149E-5	6.54044747E-3
