# Mess-Beginn: 22.07.2026 12:47:12
# Kei2000	Kei2000
1.92791322E-5	-1.62748098E-2
1.91570216E-5	-1.62765477E-2
1.92531261E-5	-1.62782278E-2
1.93854121E-5	-1.62797105E-2
1.94877339E-5	-1.62796397E-2
1.95764896E-5	-1.62790194E-2
1.96256733E-5	-1.62788443E-2
1.95708362E-5	-1.62780769E-2
1.94871700E-5	-1.62776373E-2
1.95233497E-5	-1.62785146E-2
1.94572076E-5	-1.62790436E-2
1.94266795E-5	-1.62801631E-2
1.94803852E-5	-1.62797868E-2
1.95340908E-5	-1.62800029E-2
1.94724707E-5	-1.62809063E-2
1.95612265E-5	-1.62808355E-2
1.96041910E-5	-1.62824392E-2
1.94543809E-5	-1.62827913E-2
1.95844041E-5	-1.62825678E-2
1.94860386E-5	-1.62820220E-2
1.95216508E-5	-1.62815992E-2
1.95109042E-5	-1.62814520E-2
1.94605873E-5	-1.62829384E-2
1.93978340E-5	-1.62834097E-2
1.94973290E-5	-1.62815973E-2
1.95555567E-5	-1.62821505E-2
1.95301182E-5	-1.62808467E-2
1.94679324E-5	-1.62781812E-2
1.94176191E-5	-1.62789635E-2
1.94458844E-5	-1.62776578E-2
1.94447548E-5	-1.62773263E-2
1.95425546E-5	-1.62768625E-2
1.96612727E-5	-1.62769165E-2
1.96567489E-5	-1.62776802E-2
1.96335714E-5	-1.62788108E-2
1.95374669E-5	-1.62801966E-2
1.95278571E-5	-1.62804779E-2
1.93882224E-5	-1.62812360E-2
1.93446922E-5	-1.62812658E-2
1.95877801E-5	-1.62802283E-2
1.94679324E-5	-1.62797943E-2
1.95499033E-5	-1.62761938E-2
1.95996527E-5	-1.62749961E-2
1.94611493E-5	-1.62733775E-2
1.93650449E-5	-1.62710510E-2
1.93848300E-5	-1.62711628E-2
1.94385357E-5	-1.62710939E-2
1.96058700E-5	-1.62728708E-2
1.97760310E-5	-1.62734743E-2
1.97449390E-5	-1.62739642E-2
1.97907302E-5	-1.62748396E-2
-4.01927537E-4	-6.18574070E-3
-1.67694490E-3	7.01788068E-3
-2.52919318E-3	1.58357024E-2
-3.80800618E-3	2.46500839E-2
-4.24149586E-3	2.77902540E-2
-4.24250867E-3	2.78120115E-2
-4.24363138E-3	2.78223902E-2
-4.24401928E-3	2.78321933E-2
-4.24422557E-3	2.78382618E-2
-4.24423581E-3	2.78434232E-2
-4.24442301E-3	2.78481320E-2
-4.24456503E-3	2.78556310E-2
-4.24460322E-3	2.78595798E-2
-4.24499204E-3	2.78634094E-2
-4.24514432E-3	2.78665591E-2
-4.24537854E-3	2.78648548E-2
-4.24558576E-3	2.78680008E-2
-4.24588239E-3	2.78759245E-2
-4.24620695E-3	2.78817192E-2
-4.24624328E-3	2.78842729E-2
-4.24626702E-3	2.78832652E-2
-4.24643094E-3	2.78817676E-2
-4.24666656E-3	2.78815199E-2
-4.24674945E-3	2.78775394E-2
-4.24669543E-3	2.78798584E-2
-4.24647890E-3	2.78792176E-2
-4.24611988E-3	2.76558325E-2
-3.98968114E-3	1.98718589E-2
-3.13753751E-3	1.10861594E-2
-1.85819075E-3	-2.09150626E-3
-5.78748994E-4	-1.46777080E-2
-2.21998926E-4	-1.44879343E-2
-7.53752771E-4	-8.19654576E-3
-1.58039911E-3	-1.49566389E-3
-2.13824422E-3	3.02969641E-3
-2.64394353E-3	6.02821121E-3
-2.78132292E-3	6.73590414E-3
-2.81747570E-3	7.09596369E-3
-2.82807904E-3	7.38431327E-3
-2.86048255E-3	7.60258827E-3
-2.89049884E-3	9.45653114E-3
-3.12705385E-3	1.30249904E-2
-3.54834180E-3	1.93205643E-2
-3.83987417E-3	2.38627177E-2
-4.25143912E-3	3.30387093E-2
-4.82913572E-3	4.27363403E-2
-5.32632321E-3	4.99230586E-2
-5.66575583E-3	6.06033951E-2
-5.90666477E-3	6.53381720E-2
-6.35799579E-3	7.51568824E-2
-6.61307061E-3	8.29116926E-2
-6.84717018E-3	8.54696706E-2
-7.17749074E-3	9.05742422E-2
-7.20141036E-3	9.10397097E-2
-7.21438695E-3	9.12074968E-2
-7.24191917E-3	9.18988138E-2
-7.30210822E-3	9.31991562E-2
-7.36649660E-3	9.46789831E-2
-7.43982242E-3	9.61646512E-2
-7.50765530E-3	9.77153331E-2
-7.56542804E-3	1.00161090E-1
-7.69074028E-3	1.01424605E-1
-7.89972488E-3	1.05399519E-1
-8.11187178E-3	1.09463640E-1
-8.18615779E-3	1.12180844E-1
-8.39112978E-3	1.20505847E-1
-8.53240956E-3	1.20531239E-1
-8.62938911E-3	1.20603815E-1
-8.72152951E-3	1.20665982E-1
-8.77025723E-3	1.20774500E-1
-8.77622049E-3	1.20824136E-1
-8.77754297E-3	1.20902605E-1
-8.81740451E-3	1.21661067E-1
-8.87931976E-3	1.21928692E-1
-8.89478531E-3	1.22995652E-1
-8.93189292E-3	1.23481691E-1
-8.93408246E-3	1.23544425E-1
-8.93487409E-3	1.23571776E-1
-9.05318558E-3	1.25584632E-1
-9.44488216E-3	1.32273808E-1
-9.71463043E-3	1.39197856E-1
-9.99420695E-3	1.43960774E-1
-1.03066638E-2	1.46780625E-1
-1.03490539E-2	1.47376388E-1
-1.03601897E-2	1.47676587E-1
-1.03830174E-2	1.47852629E-1
-1.03940871E-2	1.48044303E-1
-1.03979595E-2	1.48222715E-1
-1.04086120E-2	1.48327708E-1
-1.04171131E-2	1.48494214E-1
-1.04277302E-2	1.48807108E-1
-1.04462514E-2	1.49096280E-1
-1.04702888E-2	1.49487004E-1
-1.04922447E-2	1.49818078E-1
-1.05008939E-2	1.49805412E-1
-1.05009377E-2	1.49851784E-1
-1.05061075E-2	1.49939284E-1
-1.05124433E-2	1.50028139E-1
-1.05185909E-2	1.50129527E-1
-1.05228676E-2	1.50197908E-1
-1.05249621E-2	1.50216460E-1
-1.05259176E-2	1.50216728E-1
-1.05344132E-2	1.52154282E-1
-1.08269751E-2	1.56648397E-1
-1.11034773E-2	1.61526576E-1
-1.15300985E-2	1.69029862E-1
-1.18105700E-2	1.74807921E-1
-1.19418837E-2	1.75592378E-1
-1.20017538E-2	1.76871985E-1
-1.20908543E-2	1.77840754E-1
-1.21165877E-2	1.78675190E-1
-1.21737737E-2	1.79552868E-1
-1.22060031E-2	1.79615572E-1
-1.21856108E-2	1.79437280E-1
-1.21758161E-2	1.79346666E-1
-1.21679008E-2	1.79271221E-1
-1.21734254E-2	1.80654585E-1
-1.23496810E-2	1.82488814E-1
-1.27113638E-2	1.89242482E-1
-1.29601723E-2	1.96213350E-1
-1.32079627E-2	2.00561762E-1
-1.34219229E-2	2.02756986E-1
-1.34551572E-2	2.03694627E-1
-1.34852408E-2	2.04277381E-1
-1.35308215E-2	2.05152333E-1
-1.35515947E-2	2.05552340E-1
-1.35813542E-2	2.06039473E-1
-1.36109516E-2	2.06620604E-1
-1.36414133E-2	2.07581222E-1
-1.36961574E-2	2.08616257E-1
-1.37333479E-2	2.11727709E-1
-1.40836043E-2	2.16448948E-1
-1.45029435E-2	2.25430563E-1
-1.48321847E-2	2.32094094E-1
-1.52416267E-2	2.39730030E-1
-1.53667070E-2	2.43080214E-1
-1.54595003E-2	2.43890554E-1
-1.55062741E-2	2.44316444E-1
-1.55699560E-2	2.46203497E-1
-1.56725012E-2	2.48490378E-1
-1.58075560E-2	2.52494872E-1
-1.60168279E-2	2.55868763E-1
-1.61495190E-2	2.56812036E-1
-1.61701795E-2	2.58189619E-1
-1.62823945E-2	2.60012299E-1
-1.63754392E-2	2.62220532E-1
-1.64577197E-2	2.63550669E-1
-1.65256523E-2	2.63890415E-1
-1.65298805E-2	2.63990223E-1
-1.65362973E-2	2.64195830E-1
-1.65643990E-2	2.64883637E-1
-1.66051891E-2	2.65677124E-1
-1.66424774E-2	2.67215312E-1
-1.68593023E-2	2.72572488E-1
-1.73163079E-2	2.80655801E-1
-1.77695286E-2	2.86058694E-1
-1.80638768E-2	2.93124914E-1
-1.81774367E-2	2.93614328E-1
-1.82009041E-2	2.93935299E-1
-1.82100516E-2	2.94080138E-1
-1.82205364E-2	2.94232160E-1
-1.82251129E-2	2.94292867E-1
-1.82259306E-2	2.94318944E-1
-1.82419289E-2	2.94822872E-1
-1.82827450E-2	2.97534525E-1
-1.86143313E-2	2.99539983E-1
-1.89359859E-2	3.07126880E-1
-1.93000771E-2	3.14847499E-1
-1.97907034E-2	3.19423705E-1
-1.99544225E-2	3.20989668E-1
-2.00245529E-2	3.21330994E-1
-2.00237799E-2	3.23016137E-1
-2.02269908E-2	3.26003253E-1
-2.04491466E-2	3.29112858E-1
-2.08097231E-2	3.34025413E-1
-2.10520700E-2	3.36863160E-1
-2.11710986E-2	3.37117910E-1
-2.11898275E-2	3.37260574E-1
-2.11965591E-2	3.37307394E-1
-2.11984217E-2	3.37345570E-1
-2.12004483E-2	3.37385654E-1
-2.12027244E-2	3.37417394E-1
-2.12049261E-2	3.38881135E-1
-2.16321051E-2	3.43492776E-1
-2.20834184E-2	3.48239452E-1
-2.23879814E-2	3.51439446E-1
-2.26951502E-2	3.53222787E-1
-2.27339212E-2	3.53497833E-1
-2.27440856E-2	3.53732497E-1
-2.29376089E-2	3.57748359E-1
-2.33918577E-2	3.61849219E-1
-2.38535870E-2	3.63228738E-1
-2.41645128E-2	3.67245436E-1
-2.42885854E-2	3.67479414E-1
-2.43065786E-2	3.67633879E-1
-2.45447811E-2	3.69785875E-1
-2.50037480E-2	3.73260736E-1
-2.53145806E-2	3.76849920E-1
-2.56274212E-2	3.79184037E-1
-2.58660708E-2	3.79496604E-1
-2.58798599E-2	3.79683226E-1
-2.58901063E-2	3.79723012E-1
-2.60346513E-2	3.82008880E-1
-2.64811218E-2	3.84784460E-1
-2.67872326E-2	3.86671573E-1
-2.70961449E-2	3.88581604E-1
-2.74225194E-2	3.89196336E-1
-2.76663080E-2	3.90417069E-1
-2.79677846E-2	3.92007858E-1
-2.82768197E-2	3.94417793E-1
-2.87419837E-2	3.96843702E-1
-2.89759003E-2	3.97334605E-1
-2.90003140E-2	3.97450328E-1
-2.90157311E-2	3.97489041E-1
-2.90218312E-2	3.97515208E-1
-2.90240943E-2	3.97536159E-1
-2.90252082E-2	3.97541642E-1
-2.90256012E-2	3.97577375E-1
-2.92394925E-2	3.98892760E-1
-2.95376610E-2	4.00934964E-1
-2.99954098E-2	4.02321815E-1
-3.03044654E-2	4.04389024E-1
-3.05570532E-2	4.04513091E-1
-3.05749513E-2	4.04555738E-1
-3.05796228E-2	4.04578477E-1
-3.05832159E-2	4.04611230E-1
-3.05954143E-2	4.04746294E-1
-3.07374131E-2	4.04939443E-1
-3.08821201E-2	4.06654447E-1
-3.13495398E-2	4.08537954E-1
-3.18469405E-2	4.09797132E-1
-3.21748592E-2	4.11493868E-1
-3.25194001E-2	4.13022101E-1
-3.29666175E-2	4.13488179E-1
-3.32462154E-2	4.14862901E-1
-3.35186049E-2	4.15706933E-1
-3.36645320E-2	4.15768594E-1
-3.36810201E-2	4.15827125E-1
-3.37868594E-2	4.16344911E-1
-3.40873748E-2	4.17753458E-1
-3.45806330E-2	4.18737352E-1
-3.49153019E-2	4.20229316E-1
-3.53256464E-2	4.20738578E-1
-3.53834368E-2	4.20846164E-1
-3.53923440E-2	4.20928985E-1
-3.54175791E-2	4.20999587E-1
-3.54407839E-2	4.21047032E-1
-3.54516655E-2	4.21109825E-1
-3.54986675E-2	4.21738595E-1
-3.58781889E-2	4.22410935E-1
-3.62653993E-2	4.23444241E-1
-3.65351886E-2	4.24152225E-1
-3.67749669E-2	4.24612552E-1
-3.68284583E-2	4.24748868E-1
-3.68590169E-2	4.24852073E-1
-3.68963405E-2	4.24904257E-1
-3.69161293E-2	4.24956262E-1
-3.69316824E-2	4.25100416E-1
-3.72088030E-2	4.26036566E-1
-3.76209505E-2	4.26676482E-1
-3.78972180E-2	4.27641809E-1
-3.81748974E-2	4.28231418E-1
-3.83332297E-2	4.28255916E-1
-3.83686498E-2	4.28474307E-1
-3.87923829E-2	4.29083407E-1
-3.89445424E-2	4.30024952E-1
-3.95604856E-2	4.30665106E-1
-3.97157036E-2	4.31459367E-1
-3.98969948E-2	4.31512058E-1
-3.99087481E-2	4.31555927E-1
-3.99157666E-2	4.31569636E-1
-4.00943644E-2	4.32046920E-1
-4.03046645E-2	4.32513654E-1
-4.06891555E-2	4.33228195E-1
-4.09487821E-2	4.33756322E-1
-4.11438383E-2	4.34006214E-1
-4.12731804E-2	4.34212208E-1
-4.13192213E-2	4.34326142E-1
-4.13833484E-2	4.34440851E-1
-4.14363146E-2	4.34538782E-1
-4.14622426E-2	4.34578598E-1
-4.14780676E-2	4.34588820E-1
-4.14790213E-2	4.34590131E-1
-4.14779522E-2	4.34593946E-1
-4.14795987E-2	4.34630096E-1
-4.15966436E-2	4.35026914E-1
-4.20702547E-2	4.35583353E-1
-4.24016602E-2	4.36442941E-1
-4.29052375E-2	4.37021226E-1
-4.31259610E-2	4.37479198E-1
-4.31662165E-2	4.37850326E-1
-4.35859337E-2	4.38535273E-1
-4.40848731E-2	4.39075500E-1
-4.44907509E-2	4.40140605E-1
-4.50315401E-2	4.40659612E-1
-4.55049276E-2	4.41100061E-1
-4.58443873E-2	4.41911757E-1
-4.62852865E-2	4.42653626E-1
-4.68029715E-2	4.43020999E-1
-4.71971110E-2	4.43367273E-1
-4.74016555E-2	4.43650395E-1
-4.74743508E-2	4.43701714E-1
-4.75063324E-2	4.43786561E-1
-4.75553200E-2	4.43881482E-1
-4.76249009E-2	4.43926871E-1
-4.76569124E-2	4.43963647E-1
-4.76770662E-2	4.43987459E-1
-4.76828180E-2	4.44000542E-1
-4.76839244E-2	4.44005162E-1
-4.76872660E-2	4.44021404E-1
-4.76909541E-2	4.44036096E-1
-4.77107950E-2	4.44058329E-1
-4.77543063E-2	4.44117308E-1
-4.77869287E-2	4.44193840E-1
-4.78401631E-2	4.44255859E-1
-4.79150862E-2	4.44326460E-1
-4.79787253E-2	4.44573730E-1
-4.83134128E-2	4.44858432E-1
-4.86783795E-2	4.45279598E-1
-4.89364602E-2	4.45685148E-1
-4.94392179E-2	4.46331084E-1
-4.99742590E-2	4.46641386E-1
-5.04528023E-2	4.47093546E-1
-5.06119207E-2	4.47274148E-1
-5.07828183E-2	4.47289199E-1
-5.08009307E-2	4.47325021E-1
-5.08073717E-2	4.47350681E-1
-5.08132614E-2	4.47359204E-1
-5.08178324E-2	4.47375923E-1
-5.08275442E-2	4.47427332E-1
-5.09271473E-2	4.47500437E-1
-5.11096865E-2	4.47661966E-1
-5.12639172E-2	4.47865456E-1
-5.16162254E-2	4.48028177E-1
-5.19270077E-2	4.48176235E-1
-5.21176644E-2	4.48355556E-1
-5.22826724E-2	4.48455274E-1
-5.23979403E-2	4.48521376E-1
-5.24801090E-2	4.48584974E-1
-5.25634699E-2	4.48658377E-1
-5.28274886E-2	4.48834449E-1
-5.33741377E-2	4.49166328E-1
-5.37400506E-2	4.49468076E-1
-5.42649552E-2	4.49643165E-1
-5.44318408E-2	4.49738592E-1
-5.45188673E-2	4.49828625E-1
-5.47457524E-2	4.49883252E-1
-5.51476479E-2	4.50103074E-1
-5.54160625E-2	4.50308323E-1
-5.56692630E-2	4.50431734E-1
-5.58968037E-2	4.50495958E-1
-5.59132025E-2	4.50504720E-1
-5.59647009E-2	4.50521201E-1
-5.61666973E-2	4.50629383E-1
-5.63629754E-2	4.50785965E-1
-5.65750934E-2	4.50890899E-1
-5.68442978E-2	4.50981557E-1
-5.69792800E-2	4.51048702E-1
-5.70044033E-2	4.51066315E-1
-5.70233315E-2	4.51081038E-1
-5.71844727E-2	4.51210529E-1
-5.73269427E-2	4.51430351E-1
-5.77714443E-2	4.51581866E-1
-5.82220964E-2	4.51730430E-1
-5.85022047E-2	4.51839507E-1
-5.85501827E-2	4.51850057E-1
-5.85597008E-2	4.51857209E-1
-5.85683770E-2	4.51861829E-1
-5.85726798E-2	4.51867461E-1
-5.85760027E-2	4.51879293E-1
-5.85780516E-2	4.51884121E-1
-5.85792102E-2	4.51893151E-1
-5.85828498E-2	4.51908708E-1
-5.85908443E-2	4.51917887E-1
-5.85980453E-2	4.51932847E-1
-5.86085692E-2	4.51941311E-1
-5.86130470E-2	4.51950610E-1
-5.86162657E-2	4.51962829E-1
-5.88482842E-2	4.52133507E-1
-5.96844926E-2	4.52504963E-1
-6.02832660E-2	4.52758849E-1
-6.08924739E-2	4.53016549E-1
-6.15736097E-2	4.53231663E-1
-6.16503283E-2	4.53251719E-1
-6.16596639E-2	4.53259140E-1
-6.16584010E-2	4.53265548E-1
-6.16622604E-2	4.53273922E-1
-6.19575903E-2	4.53290403E-1
-6.21081181E-2	4.53476489E-1
-6.25745058E-2	4.53670025E-1
-6.28887862E-2	4.53798294E-1
-6.32218048E-2	4.53918278E-1
-6.32451475E-2	4.53936428E-1
-6.32471442E-2	4.53948528E-1
-6.32498041E-2	4.53954071E-1
-6.32524863E-2	4.53961343E-1
-6.32550120E-2	4.53967929E-1
-6.32606596E-2	4.53972429E-1
-6.32648319E-2	4.53983396E-1
-6.35240674E-2	4.54145968E-1
-6.38179481E-2	4.54262227E-1
-6.42687157E-2	4.54440236E-1
-6.47144318E-2	4.54554707E-1
-6.47497848E-2	4.54570234E-1
-6.47618994E-2	4.54577178E-1
-6.47608265E-2	4.54576522E-1
-6.47628903E-2	4.54576671E-1
-6.47662953E-2	4.54580158E-1
-6.47616684E-2	4.54581469E-1
-6.47586063E-2	4.54581350E-1
-6.46703839E-2	4.54553157E-1
-6.43554479E-2	4.54420418E-1
-6.40786514E-2	4.54268783E-1
-6.37927204E-2	4.54219699E-1
-6.34405836E-2	4.54096019E-1
-6.33115396E-2	4.54068214E-1
-6.31318390E-2	4.53979045E-1
-6.28176779E-2	4.53784823E-1
-6.22823127E-2	4.53589737E-1
-6.19567484E-2	4.53471690E-1
-6.14335276E-2	4.53274816E-1
-6.09917156E-2	4.53154445E-1
-6.06929064E-2	4.53030318E-1
-6.03679568E-2	4.52831119E-1
-6.00837171E-2	4.52789456E-1
-6.00390658E-2	4.52787250E-1
-6.00356273E-2	4.52787250E-1
-6.00288026E-2	4.52787131E-1
-6.00240156E-2	4.52786386E-1
-5.99928275E-2	4.52785462E-1
-5.99797666E-2	4.52771753E-1
-5.99264167E-2	4.52700883E-1
-5.96928708E-2	4.52593207E-1
-5.94328754E-2	4.52402025E-1
-5.88816218E-2	4.52070236E-1
-5.83487637E-2	4.51966196E-1
-5.77473305E-2	4.51741874E-1
-5.72802834E-2	4.51559454E-1
-5.71251512E-2	4.51525450E-1
-5.69190383E-2	4.51365322E-1
-5.65094464E-2	4.51227844E-1
-5.62137775E-2	4.51085865E-1
-5.57503700E-2	4.50866640E-1
-5.55318557E-2	4.50658083E-1
-5.50361015E-2	4.50497985E-1
-5.45515046E-2	4.50205535E-1
-5.36408089E-2	4.49712902E-1
-5.29249869E-2	4.49348837E-1
-5.27347215E-2	4.49021667E-1
-5.19840531E-2	4.48781729E-1
-5.15012182E-2	4.48474765E-1
-5.11550754E-2	4.48163956E-1
-5.04307300E-2	4.47639436E-1
-5.01144566E-2	4.47239846E-1
-4.98006940E-2	4.46970731E-1
-4.93522584E-2	4.46586460E-1
-4.89044860E-2	4.46269482E-1
-4.86006700E-2	4.45948243E-1
-4.81425449E-2	4.45462883E-1
-4.78366129E-2	4.45174456E-1
-4.77623604E-2	4.45142180E-1
-4.77360114E-2	4.45014983E-1
-4.73443419E-2	4.44498569E-1
-4.67615128E-2	4.43969280E-1
-4.64657210E-2	4.42684352E-1
-4.52296548E-2	4.41178024E-1
-4.42302302E-2	4.39618856E-1
-4.33905348E-2	4.39128876E-1
-4.25114036E-2	4.37846780E-1
-4.19370160E-2	4.36358660E-1
-4.10100557E-2	4.35843885E-1
-4.05990928E-2	4.34412509E-1
-3.98488939E-2	4.32994157E-1
-3.94475348E-2	4.32377964E-1
-3.91300209E-2	4.31768715E-1
-3.86709534E-2	4.30938095E-1
-3.84854041E-2	4.30823475E-1
-3.84486504E-2	4.30743933E-1
-3.84179205E-2	4.30676520E-1
-3.83982770E-2	4.30612057E-1
-3.83555144E-2	4.30144280E-1
-3.79438736E-2	4.29248452E-1
-3.75223979E-2	4.28338856E-1
-3.72417308E-2	4.28035051E-1
-3.69770601E-2	4.27513570E-1
-3.69193926E-2	4.27399606E-1
-3.68885361E-2	4.27333266E-1
-3.68377827E-2	4.27219659E-1
-3.68065760E-2	4.26897019E-1
-3.64646427E-2	4.26210672E-1
-3.61664183E-2	4.25485343E-1
-3.57189029E-2	4.24409986E-1
-3.53279114E-2	4.23693299E-1
-3.53048518E-2	4.23511028E-1
-3.52709964E-2	4.23461497E-1
-3.52561772E-2	4.23440397E-1
-3.52497958E-2	4.23189878E-1
-3.49025764E-2	4.22208488E-1
-3.46261561E-2	4.21076775E-1
-3.43425944E-2	4.20273691E-1
-3.38883661E-2	4.19554442E-1
-3.35524119E-2	4.18537974E-1
-3.32068987E-2	4.17382449E-1
-3.25550586E-2	4.15361464E-1
-3.20163034E-2	4.13759291E-1
-3.19148600E-2	4.13629472E-1
-3.19135450E-2	4.13889259E-1
-3.20650935E-2	4.14259821E-1
-3.21287811E-2	4.14312154E-1
-3.21328156E-2	4.14253533E-1
-3.20563056E-2	4.13629264E-1
-3.16790640E-2	4.12739635E-1
-3.14011425E-2	4.11255628E-1
-3.09502818E-2	4.09769475E-1
-3.07241846E-2	4.09347475E-1
-3.06619890E-2	4.09178168E-1
-3.06054689E-2	4.09040242E-1
-3.05818543E-2	4.08938766E-1
-3.05665508E-2	4.08677995E-1
-3.01810708E-2	4.07004654E-1
-2.97500677E-2	4.05226380E-1
-2.94532347E-2	4.04021025E-1
-2.91050803E-2	4.02938515E-1
-2.90679913E-2	4.02728647E-1
-2.90333908E-2	4.02663618E-1
-2.90219337E-2	4.02619004E-1
-2.90106237E-2	4.02580589E-1
-2.89920345E-2	4.02558029E-1
-2.87201162E-2	4.00554895E-1
-2.82682125E-2	3.98333132E-1
-2.78071575E-2	3.96833420E-1
-2.75085606E-2	3.95139337E-1
-2.74653248E-2	3.95004004E-1
-2.74504460E-2	3.94977391E-1
-2.74063945E-2	3.93690735E-1
-2.70528048E-2	3.92303497E-1
-2.66609676E-2	3.90011728E-1
-2.63837278E-2	3.88353944E-1
-2.60849483E-2	3.86972070E-1
-2.60181744E-2	3.86450976E-1
-2.59700138E-2	3.86192262E-1
-2.57938337E-2	3.84683222E-1
-2.54141483E-2	3.82122993E-1
-2.51323916E-2	3.80229861E-1
-2.46791095E-2	3.77127320E-1
-2.44858675E-2	3.76054227E-1
-2.42810063E-2	3.75372499E-1
-2.39583198E-2	3.71462673E-1
-2.36414783E-2	3.67619038E-1
-2.31749080E-2	3.65047663E-1
-2.28516553E-2	3.61581832E-1
-2.23397780E-2	3.56926590E-1
-2.18788255E-2	3.52384567E-1
-2.17260923E-2	3.49382818E-1
-2.12861579E-2	3.47713143E-1
-2.12485027E-2	3.47394556E-1
-2.12362763E-2	3.47276628E-1
-2.12285537E-2	3.47163588E-1
-2.12208088E-2	3.47120315E-1
-2.11293474E-2	3.45759511E-1
-2.08854247E-2	3.41026336E-1
-2.04870570E-2	3.37741762E-1
-2.00750586E-2	3.34382713E-1
-1.99366119E-2	3.30578595E-1
-1.98433343E-2	3.29863191E-1
-1.97808500E-2	3.29355299E-1
-1.97606217E-2	3.28864455E-1
-1.94950905E-2	3.23067367E-1
-1.90411564E-2	3.16718787E-1
-1.87495835E-2	3.12448621E-1
-1.84472445E-2	3.07217628E-1
-1.81892943E-2	3.05423677E-1
-1.78629868E-2	3.01811337E-1
-1.75789203E-2	2.94674724E-1
-1.71448104E-2	2.87567645E-1
-1.67758372E-2	2.83611059E-1
-1.66678056E-2	2.81631261E-1
-1.66189633E-2	2.80604184E-1
-1.65742822E-2	2.80084550E-1
-1.64436623E-2	2.79484063E-1
-1.61723290E-2	2.69450873E-1
-1.57234464E-2	2.63887346E-1
-1.54214613E-2	2.58286744E-1
-1.50741050E-2	2.52263665E-1
-1.50222965E-2	2.51336277E-1
-1.50153479E-2	2.51099765E-1
-1.50000667E-2	2.50879943E-1
-1.49918906E-2	2.50764906E-1
-1.49891051E-2	2.50744313E-1
-1.49869928E-2	2.50701040E-1
-1.49862478E-2	2.50707656E-1
-1.49126397E-2	2.49171376E-1
-1.46702714E-2	2.41233140E-1
-1.42421210E-2	2.32413515E-1
-1.37875956E-2	2.26339161E-1
-1.36386082E-2	2.21746251E-1
-1.34892156E-2	2.20450297E-1
-1.34541746E-2	2.20083579E-1
-1.34468479E-2	2.19873503E-1
-1.34422835E-2	2.19786093E-1
-1.34393014E-2	2.19753250E-1
-1.34383580E-2	2.19730437E-1
-1.34377452E-2	2.19725281E-1
-1.34380292E-2	2.19731912E-1
-1.34383403E-2	2.17985272E-1
-1.31826634E-2	2.11398855E-1
-1.27909649E-2	2.03076392E-1
-1.24952346E-2	1.96961805E-1
-1.21894069E-2	1.92527354E-1
-1.19822705E-2	1.89797238E-1
-1.19094066E-2	1.88977346E-1
-1.18946536E-2	1.88638076E-1
-1.18885310E-2	1.88555747E-1
-1.18859150E-2	1.88524723E-1
-1.18549326E-2	1.83064759E-1
-1.14680333E-2	1.74781159E-1
-1.10179028E-2	1.71954170E-1
-1.07132727E-2	1.63378224E-1
-1.03885643E-2	1.60180658E-1
-1.03548113E-2	1.59899667E-1
-1.03305820E-2	1.55445844E-1
-9.89696849E-3	1.47771418E-1
-9.44518577E-3	1.42537668E-1
-9.29247402E-3	1.37238726E-1
-8.84860847E-3	1.33531794E-1
-8.81523546E-3	1.33150503E-1
-8.80614482E-3	1.33022875E-1
-8.79825000E-3	1.32918283E-1
-8.79483763E-3	1.32851258E-1
-8.78553651E-3	1.30390033E-1
-8.58661253E-3	1.25907257E-1
-8.19659419E-3	1.18768811E-1
-7.78230326E-3	1.13778517E-1
-7.50988862E-3	1.08658418E-1
-7.41323689E-3	1.07847929E-1
-7.38901086E-3	1.07580088E-1
-7.38601806E-3	1.07459247E-1
-7.38157006E-3	1.07389919E-1
-7.37784896E-3	1.07341826E-1
-7.37497443E-3	1.07179157E-1
-7.35681318E-3	1.06828310E-1
-7.32234819E-3	1.06167845E-1
-7.29957595E-3	1.05728924E-1
-7.27739232E-3	1.05172493E-1
-7.25838821E-3	1.05046600E-1
-7.25675840E-3	1.04931712E-1
-6.98958803E-3	7.65823573E-2
-6.55218353E-3	7.52652362E-2
-6.25061570E-3	7.47778192E-2
-5.94609557E-3	7.32249916E-2
-5.75175695E-3	7.19640404E-2
-5.72714768E-3	7.17241764E-2
-5.72038768E-3	7.15349466E-2
-5.71549125E-3	7.14595392E-2
-5.71328774E-3	7.14239478E-2
-5.71278483E-3	7.12597668E-2
-5.61083993E-3	6.44602776E-2
-5.06309513E-3	6.12232983E-2
-4.91397548E-3	4.55543995E-2
-4.19934001E-3	3.38232666E-2
-3.55685083E-3	2.23786328E-2
-3.24284309E-3	1.66435502E-2
-2.92782509E-3	9.96546540E-3
-2.72170850E-3	8.02188274E-3
-2.59893900E-3	6.41260855E-3
-2.13197013E-3	3.46066081E-4
-1.33804430E-3	-7.27080414E-3
-8.07083794E-4	-1.23091303E-2
-3.59072495E-4	-1.51119372E-2
1.18158014E-5	-1.70723312E-2
1.81807591E-5	-1.70739293E-2
1.83288739E-5	-1.70736499E-2
1.83831435E-5	-1.70755722E-2
1.84668115E-5	-1.70750115E-2
1.84181936E-5	-1.70733854E-2
1.85120371E-5	-1.70717426E-2
1.85697008E-5	-1.70701891E-2
1.85990975E-5	-1.70695558E-2
1.85340850E-5	-1.70705970E-2
1.84996006E-5	-1.70719177E-2
1.84724631E-5	-1.70717947E-2
1.84419332E-5	-1.70696825E-2
1.85289882E-5	-1.70678832E-2
1.85532954E-5	-1.70668736E-2
1.84481432E-5	-1.70668028E-2
1.84956298E-5	-1.70673784E-2
1.85080662E-5	-1.70672927E-2
1.84407927E-5	-1.70688834E-2
1.86313064E-5	-1.70684624E-2
1.86799243E-5	-1.70678832E-2
1.87200621E-5	-1.70677546E-2
1.87488931E-5	-1.70673132E-2
1.87110163E-5	-1.70687865E-2
1.87528494E-5	-1.70702394E-2
1.88557387E-5	-1.70741864E-2
1.89614530E-5	-1.70761961E-2
1.90083756E-5	-1.70772206E-2
1.89247075E-5	-1.70772988E-2
1.87686801E-5	-1.70763377E-2
1.87387177E-5	-1.70750692E-2
1.89806742E-5	-1.70730446E-2
1.91858853E-5	-1.70732401E-2
1.91791023E-5	-1.70733221E-2
1.91491399E-5	-1.70734823E-2
1.91875824E-5	-1.70746762E-2
1.91864510E-5	-1.70757454E-2
1.93243886E-5	-1.70764644E-2
1.93730066E-5	-1.70796048E-2
1.94318000E-5	-1.70792099E-2
1.94346267E-5	-1.70791671E-2
1.92514635E-5	-1.70797929E-2
1.92785974E-5	-1.70790479E-2
1.91231356E-5	-1.70792192E-2
1.90456867E-5	-1.70789082E-2
1.91203089E-5	-1.70780625E-2
1.92350690E-5	-1.70774665E-2
1.92492025E-5	-1.70776341E-2
1.94108834E-5	-1.70773137E-2
1.93498290E-5	-1.70767847E-2
1.92882089E-5	-1.70747973E-2
1.91745803E-5	-1.70728266E-2
1.91858853E-5	-1.70705132E-2
1.94402801E-5	-1.70693398E-2
1.96404035E-5	-1.70664769E-2
1.96822366E-5	-1.70648564E-2
1.96754536E-5	-1.70623884E-2
1.94589356E-5	-1.70605313E-2
1.95663470E-5	-1.70596670E-2
1.94956810E-5	-1.70564111E-2
1.95770881E-5	-1.70555003E-2
1.96986311E-5	-1.70546565E-2
1.96726269E-5	-1.70554928E-2
1.97155914E-5	-1.70552954E-2
1.97116333E-5	-1.70555506E-2
1.94725035E-5	-1.70551110E-2
1.93549167E-5	-1.70537345E-2
1.93820524E-5	-1.70531999E-2
1.93780943E-5	-1.70556381E-2
1.94080567E-5	-1.70593299E-2
1.93345659E-5	-1.70623623E-2
1.92141524E-5	-1.70661844E-2
1.92723801E-5	-1.70654561E-2
1.93006454E-5	-1.70649197E-2
1.91751442E-5	-1.70619413E-2
1.92554198E-5	-1.70593448E-2
1.92723801E-5	-1.70577392E-2
1.92384614E-5	-1.70561951E-2
1.92486368E-5	-1.70540083E-2
1.91485742E-5	-1.70544386E-2
1.90536011E-5	-1.70535576E-2
1.91463096E-5	-1.70525182E-2
1.93113792E-5	-1.70534048E-2
1.94380082E-5	-1.70534085E-2
1.95471112E-5	-1.70545354E-2
1.96189067E-5	-1.70547180E-2
1.95114972E-5	-1.70530938E-2
1.93854303E-5	-1.70510244E-2
1.92537100E-5	-1.70495827E-2
1.93797769E-5	-1.70492772E-2
1.93752549E-5	-1.70491245E-2
1.95776393E-5	-1.70495026E-2
1.96143847E-5	-1.70499701E-2
1.94702279E-5	-1.70492921E-2
1.95917710E-5	-1.70495622E-2
1.95154535E-5	-1.70505997E-2
1.94340482E-5	-1.70494393E-2
1.94854911E-5	-1.70502570E-2
1.94238710E-5	-1.70498434E-2
1.93922133E-5	-1.70482378E-2
1.94832301E-5	-1.70487985E-2
1.95663324E-5	-1.74379628E-2
2.87864998E-4	-1.47029301E-2
1.32754922E-3	-2.41965102E-3
2.99826520E-3	2.33403500E-2
4.49631084E-3	4.74137664E-2
6.60054758E-3	7.13433176E-2
7.83092249E-3	1.38994977E-1
9.23850946E-3	1.39243394E-1
9.80405975E-3	1.39673963E-1
1.02877924E-2	1.40049681E-1
1.03376918E-2	1.39590070E-1
1.02849230E-2	1.34326190E-1
9.91917495E-3	1.32320821E-1
9.50862654E-3	1.25820205E-1
9.22606140E-3	1.20164424E-1
8.99006147E-3	1.19249858E-1
8.95665586E-3	1.18729122E-1
8.95031542E-3	1.18726835E-1
8.96274671E-3	1.18883245E-1
9.06257052E-3	1.23658322E-1
9.33079235E-3	1.30149782E-1
9.74675082E-3	1.34465292E-1
1.01753864E-2	1.39339507E-1
1.04080848E-2	1.42421171E-1
1.04746418E-2	1.43395677E-1
1.05726263E-2	1.44441575E-1
1.06888413E-2	1.47584677E-1
1.09371226E-2	1.54043287E-1
1.13209626E-2	1.58463448E-1
1.16976127E-2	1.64975315E-1
1.19081130E-2	1.67311236E-1
1.19292084E-2	1.67440489E-1
1.19350133E-2	1.67640433E-1
1.19357612E-2	1.67692542E-1
1.19376490E-2	1.67711660E-1
1.19397985E-2	1.67759478E-1
1.19519252E-2	1.68507114E-1
1.20967282E-2	1.70689315E-1
1.23895323E-2	1.76138744E-1
1.26895197E-2	1.84488863E-1
1.31365145E-2	1.89716235E-1
1.34834843E-2	1.96509421E-1
1.35354241E-2	1.97960302E-1
1.36073362E-2	1.98945403E-1
1.36821661E-2	1.99984968E-1
1.37074906E-2	2.00906605E-1
1.37515394E-2	2.01892853E-1
1.37867974E-2	2.02576220E-1
1.39933620E-2	2.09389150E-1
1.42429052E-2	2.14366376E-1
1.46086048E-2	2.19189897E-1
1.49621582E-2	2.26203293E-1
1.50339156E-2	2.27252439E-1
1.50504895E-2	2.27460876E-1
1.50558231E-2	2.27630302E-1
1.50592057E-2	2.27698550E-1
1.50612108E-2	2.27711424E-1
1.50927221E-2	2.28409782E-1
1.51110943E-2	2.29516134E-1
1.51746916E-2	2.30306715E-1
1.52447149E-2	2.31594622E-1
1.52924471E-2	2.32815027E-1
1.54603953E-2	2.35868573E-1
1.58334374E-2	2.42973819E-1
1.60890818E-2	2.49778211E-1
1.65410340E-2	2.51940787E-1
1.65851936E-2	2.56114691E-1
1.65978596E-2	2.56307334E-1
1.66092366E-2	2.56433457E-1
1.66165233E-2	2.56575018E-1
1.66191962E-2	2.56651342E-1
1.66246332E-2	2.56719887E-1
1.66278835E-2	2.56758720E-1
1.66295543E-2	2.56854266E-1
1.66622140E-2	2.57895887E-1
1.67490020E-2	2.60280937E-1
1.69762578E-2	2.68385261E-1
1.74224935E-2	2.76496083E-1
1.78254060E-2	2.81361997E-1
1.80698391E-2	2.84676611E-1
1.81600787E-2	2.85142541E-1
1.81709435E-2	2.85269588E-1
1.81745831E-2	2.85385519E-1
1.81771629E-2	2.85445422E-1
1.81792825E-2	2.85469353E-1
1.81819852E-2	2.85519689E-1
1.81831382E-2	2.85543233E-1
1.81835648E-2	2.85549104E-1
1.81837957E-2	2.85566807E-1
1.81850381E-2	2.85607517E-1
1.82085969E-2	2.85978496E-1
1.84161495E-2	2.90602833E-1
1.87108200E-2	2.97395289E-1
1.91683695E-2	3.01986605E-1
1.94544010E-2	3.08367521E-1
1.96975060E-2	3.08887303E-1
1.97341815E-2	3.09080005E-1
1.97542682E-2	3.09375912E-1
1.97918825E-2	3.12431902E-1
2.01905407E-2	3.18183094E-1
2.04928517E-2	3.22115123E-1
2.09449269E-2	3.27680677E-1
2.12751999E-2	3.29169899E-1
2.12892517E-2	3.29392672E-1
2.12999657E-2	3.29617620E-1
2.13047694E-2	3.29772860E-1
2.13151854E-2	3.29988897E-1
2.14098413E-2	3.32289129E-1
2.16919295E-2	3.37045878E-1
2.21437737E-2	3.40292186E-1
2.25977860E-2	3.45080346E-1
2.28164792E-2	3.46553922E-1
2.29109284E-2	3.47111970E-1
2.29869224E-2	3.47889602E-1
2.30367612E-2	3.48755240E-1
2.32842285E-2	3.50474775E-1
2.36725826E-2	3.53993624E-1
2.39368416E-2	3.57804120E-1
2.43584737E-2	3.59882206E-1
2.50071418E-2	3.65273178E-1
2.53286567E-2	3.68966758E-1
2.58065313E-2	3.71360004E-1
2.59662922E-2	3.72725904E-1
2.60010902E-2	3.73046875E-1
2.60458831E-2	3.73391777E-1
2.61235777E-2	3.74264419E-1
2.64014546E-2	3.76844853E-1
2.66966987E-2	3.78641099E-1
2.69674845E-2	3.80328506E-1
2.73618940E-2	3.82540435E-1
2.76132002E-2	3.84956270E-1
2.81100739E-2	3.86618108E-1
2.85808053E-2	3.89131069E-1
2.88923457E-2	3.91150147E-1
2.91193463E-2	3.91283810E-1
2.91368347E-2	3.91387314E-1
2.91435421E-2	3.91442925E-1
2.91494709E-2	3.91455591E-1
2.91530862E-2	3.91488820E-1
2.91542560E-2	3.91507089E-1
2.91621052E-2	3.91536683E-1
2.92024016E-2	3.91930878E-1
2.92676799E-2	3.92824888E-1
2.97528505E-2	3.94164115E-1
3.00490595E-2	3.96146953E-1
3.03158835E-2	3.97823006E-1
3.06718983E-2	3.98545176E-1
3.07304077E-2	3.99347723E-1
3.10073812E-2	4.01130438E-1
3.14624943E-2	4.02342647E-1
3.19228470E-2	4.04166251E-1
3.22020538E-2	4.04800802E-1
3.22451964E-2	4.04876649E-1
3.22651230E-2	4.04944479E-1
3.22764516E-2	4.04983848E-1
3.22821103E-2	4.05004323E-1
3.22963186E-2	4.05086070E-1
3.23244967E-2	4.05214071E-1
3.23637165E-2	4.05406028E-1
3.27425338E-2	4.06897575E-1
3.31765749E-2	4.07887727E-1
3.34638245E-2	4.09351945E-1
3.37939709E-2	4.10227567E-1
3.38177271E-2	4.10329491E-1
3.38304974E-2	4.10382956E-1
3.39045264E-2	4.10895705E-1
3.42655219E-2	4.12252456E-1
3.45647335E-2	4.13197398E-1
3.50086428E-2	4.14144963E-1
3.53474282E-2	4.15128767E-1
3.53688672E-2	4.15263623E-1
3.53932381E-2	4.15312827E-1
3.54050659E-2	4.15403694E-1
3.54621112E-2	4.16271150E-1
3.58781368E-2	4.17083383E-1
3.63325886E-2	4.18326020E-1
3.66375893E-2	4.19778466E-1
3.72407883E-2	4.20629025E-1
3.77144702E-2	4.21824336E-1
3.80295925E-2	4.23017293E-1
3.83437686E-2	4.23442334E-1
3.85046452E-2	4.23513532E-1
3.85235511E-2	4.23592210E-1
3.85535285E-2	4.23678875E-1
3.86794880E-2	4.24209505E-1
3.91156115E-2	4.25184369E-1
3.94160487E-2	4.25838053E-1
3.98243852E-2	4.26717967E-1
4.00548615E-2	4.27007526E-1
4.00723331E-2	4.27051961E-1
4.00839746E-2	4.27093536E-1
4.00881879E-2	4.27124113E-1
4.00905348E-2	4.27140921E-1
4.00925241E-2	4.27161068E-1
4.00949083E-2	4.27175224E-1
4.00983691E-2	4.27237600E-1
4.01948988E-2	4.27468061E-1
4.03421074E-2	4.27958339E-1
4.06201705E-2	4.28517580E-1
4.10417803E-2	4.29261118E-1
4.13946956E-2	4.29902136E-1
4.15041968E-2	4.30105299E-1
4.19693626E-2	4.30873662E-1
4.22766842E-2	4.31669980E-1
4.25853767E-2	4.32207108E-1
4.30521294E-2	4.32800114E-1
4.31834720E-2	4.32854056E-1
4.31983247E-2	4.32891250E-1
4.32112366E-2	4.32934493E-1
4.32322696E-2	4.33259696E-1
4.36623059E-2	4.33718055E-1
4.39645760E-2	4.34619814E-1
4.47441377E-2	4.35499817E-1
4.55258824E-2	4.36725914E-1
4.61379662E-2	4.37558293E-1
4.67575602E-2	4.38624680E-1
4.75900918E-2	4.39679593E-1
4.82093282E-2	4.40259844E-1
4.90965880E-2	4.41183597E-1
5.00130132E-2	4.42031324E-1
5.04208021E-2	4.42437619E-1
5.12971245E-2	4.43104178E-1
5.18307425E-2	4.43504006E-1
5.19979931E-2	4.43758309E-1
5.24896868E-2	4.43939209E-1
5.26903123E-2	4.44102854E-1
5.28932102E-2	4.44237858E-1
5.32397553E-2	4.44469571E-1
5.36468625E-2	4.44719255E-1
5.38373515E-2	4.44813788E-1
5.40179871E-2	4.44919676E-1
5.40983044E-2	4.44987595E-1
5.41568846E-2	4.45017666E-1
5.42364605E-2	4.45128143E-1
5.45901135E-2	4.45361406E-1
5.50292023E-2	4.45526153E-1
5.53236343E-2	4.45761561E-1
5.55684119E-2	4.45885599E-1
5.57057709E-2	4.45899427E-1
5.57232983E-2	4.45954800E-1
5.58010451E-2	4.46060956E-1
5.62068447E-2	4.46206689E-1
5.65082245E-2	4.46433246E-1
5.69434538E-2	4.46635872E-1
5.72667085E-2	4.46726382E-1
5.73218279E-2	4.46856111E-1
5.76123409E-2	4.47069198E-1
5.80613352E-2	4.47218210E-1
5.83657771E-2	4.47437644E-1
5.87886982E-2	4.47517425E-1
5.88377938E-2	4.47542042E-1
5.88527508E-2	4.47558850E-1
5.88611960E-2	4.47573751E-1
5.88702932E-2	4.47599798E-1
5.90485856E-2	4.47688639E-1
5.93285188E-2	4.47877258E-1
5.97821921E-2	4.48075116E-1
6.02215528E-2	4.48197186E-1
6.03732094E-2	4.48262215E-1
6.04258738E-2	4.48294997E-1
6.05297834E-2	4.48328704E-1
6.06044643E-2	4.48376477E-1
6.06825054E-2	4.48425353E-1
6.07834980E-2	4.48445857E-1
6.07270524E-2	4.47968155E-1
5.82212061E-2	4.46743041E-1
5.59135638E-2	4.46170121E-1
5.48340417E-2	4.45561171E-1
5.41819036E-2	4.45906878E-1
5.52603528E-2	4.46187586E-1
5.61762303E-2	4.46736246E-1
5.71117848E-2	4.47123021E-1
5.79238944E-2	4.47344065E-1
5.83219416E-2	4.47671562E-1
5.92354126E-2	4.48042721E-1
6.01758882E-2	4.48285192E-1
6.10077493E-2	4.48857874E-1
6.25164062E-2	4.49406743E-1
6.40916675E-2	4.49802458E-1
6.50399551E-2	4.50272143E-1
6.61381036E-2	4.50570583E-1
6.67109936E-2	4.50771511E-1
6.73079863E-2	4.50952888E-1
6.76165447E-2	4.51062381E-1
6.79861084E-2	4.51135010E-1
6.74323067E-2	4.50911403E-1
6.62108436E-2	4.50211704E-1
6.46062419E-2	4.49631423E-1
6.19211160E-2	4.48731512E-1
6.03986606E-2	4.48234975E-1
5.90195470E-2	4.48010951E-1
5.83176650E-2	4.47765052E-1
5.79753742E-2	4.47563559E-1
5.74915223E-2	4.47435021E-1
5.73470220E-2	4.47381794E-1
5.73281460E-2	4.47373450E-1
5.72670773E-2	4.47302997E-1
5.68328314E-2	4.47172403E-1
5.65298237E-2	4.46969599E-1
5.62119409E-2	4.46753889E-1
5.57503141E-2	4.46657807E-1
5.56066297E-2	4.46446389E-1
5.51446714E-2	4.46227491E-1
5.45819178E-2	4.45993364E-1
5.40151224E-2	4.45713520E-1
5.31941094E-2	4.45539773E-1
5.28796054E-2	4.45290059E-1
5.26811592E-2	4.45143163E-1
5.26418500E-2	4.45127219E-1
5.26275449E-2	4.45119828E-1
5.26072942E-2	4.45101798E-1
5.24525158E-2	4.44839150E-1
5.20048141E-2	4.44655001E-1
5.15488610E-2	4.44373488E-1
5.12469672E-2	4.44179296E-1
5.10768965E-2	4.44166243E-1
5.10594174E-2	4.44156855E-1
5.10556735E-2	4.44153041E-1
5.10460362E-2	4.44151372E-1
5.10142036E-2	4.44129825E-1
5.08861132E-2	4.43795025E-1
5.04353717E-2	4.43542749E-1
4.99692485E-2	4.43151414E-1
4.96765040E-2	4.42863464E-1
4.93313260E-2	4.42697465E-1
4.88826893E-2	4.42243427E-1
4.85817194E-2	4.41788256E-1
4.81287464E-2	4.41483170E-1
4.79409322E-2	4.41228390E-1
4.78002355E-2	4.40710545E-1
4.73393239E-2	4.40356523E-1
4.68747728E-2	4.39819694E-1
4.65644002E-2	4.39513713E-1
4.63833995E-2	4.39492494E-1
4.60562669E-2	4.39137936E-1
4.57510278E-2	4.38544869E-1
4.52845618E-2	4.37941939E-1
4.49349359E-2	4.37409401E-1
4.44686674E-2	4.36788619E-1
4.41665836E-2	4.36131209E-1
4.37018722E-2	4.35574144E-1
4.30455729E-2	4.34610039E-1
4.26898003E-2	4.34088141E-1
4.20129411E-2	4.33396459E-1
4.11620364E-2	4.32018578E-1
4.06280495E-2	4.30563062E-1
3.97307239E-2	4.29500014E-1
3.91395651E-2	4.28258449E-1
3.89767028E-2	4.27388191E-1
3.84890847E-2	4.26870376E-1
3.80101949E-2	4.25813735E-1
3.76981832E-2	4.24804896E-1
3.70767452E-2	4.23795551E-1
3.64897996E-2	4.22395498E-1
3.61700766E-2	4.21253771E-1
3.56959552E-2	4.20506030E-1
3.54935452E-2	4.20089692E-1
3.54573280E-2	4.20038104E-1
3.54431458E-2	4.20020878E-1
3.54383364E-2	4.20004070E-1
3.54335979E-2	4.19995368E-1
3.54316197E-2	4.19991881E-1
3.54310051E-2	4.19989198E-1
3.54304016E-2	4.19985026E-1
3.53188701E-2	4.19601828E-1
3.49333584E-2	4.18883353E-1
3.46629098E-2	4.17770147E-1
3.42390016E-2	4.16996181E-1
3.40584852E-2	4.16160703E-1
3.39817964E-2	4.15972084E-1
3.39410603E-2	4.15868104E-1
3.38973217E-2	4.15758312E-1
3.38722579E-2	4.15728956E-1
3.38664092E-2	4.15694147E-1
3.36437598E-2	4.15160954E-1
3.32413912E-2	4.13916320E-1
3.30964997E-2	4.12511677E-1
3.26403156E-2	4.11589444E-1
3.22221778E-2	4.09735203E-1
3.17446552E-2	4.06429797E-1
3.08527946E-2	4.04209584E-1
2.99700405E-2	4.01042521E-1
2.97100414E-2	3.99825692E-1
2.94010434E-2	3.99762452E-1
2.93892678E-2	3.99725080E-1
2.93717738E-2	3.99538249E-1
2.92314012E-2	3.99172604E-1
2.87286956E-2	3.96762580E-1
2.83844974E-2	3.94323081E-1
2.78961603E-2	3.92809331E-1
2.76721269E-2	3.90834302E-1
2.73006950E-2	3.88445228E-1
2.70003490E-2	3.86690527E-1
2.64615435E-2	3.82882446E-1
2.57575847E-2	3.79244357E-1
2.54261270E-2	3.76903743E-1
2.49351375E-2	3.73580396E-1
2.46248245E-2	3.72063488E-1
2.45209169E-2	3.71496528E-1
2.44861133E-2	3.71357769E-1
2.44745333E-2	3.71309549E-1
2.44704559E-2	3.71288806E-1
2.41455790E-2	3.65683138E-1
2.30781753E-2	3.52996737E-1
2.21804231E-2	3.43826294E-1
2.08174847E-2	3.30844373E-1
2.00096238E-2	3.24921519E-1
1.98541470E-2	3.24310303E-1
1.98050477E-2	3.23858857E-1
1.97917297E-2	3.23608786E-1
1.97717361E-2	3.21150780E-1
1.94069296E-2	3.14653397E-1
1.89492460E-2	3.10243219E-1
1.86399333E-2	3.05774868E-1
1.79803167E-2	2.95059741E-1
1.75084434E-2	2.87155956E-1
1.71954520E-2	2.81872153E-1
1.67280380E-2	2.74390876E-1
1.64763257E-2	2.68621027E-1
1.60112679E-2	2.59709209E-1
1.55895287E-2	2.49882802E-1
1.47707704E-2	2.34806240E-1
1.42617645E-2	2.26230800E-1
1.39750373E-2	2.20634207E-1
1.37638561E-2	2.18211785E-1
1.36941075E-2	2.16526568E-1
1.36421155E-2	2.15577632E-1
1.35785881E-2	2.14537799E-1
1.35338055E-2	2.14004859E-1
1.35302786E-2	2.13950887E-1
1.35277156E-2	2.13906825E-1
1.35263857E-2	2.13875681E-1
1.35253444E-2	2.11363241E-1
1.31049622E-2	2.02733010E-1
1.26521550E-2	1.93252981E-1
1.22759640E-2	1.85374603E-1
1.17712254E-2	1.78086802E-1
1.15237869E-2	1.72962278E-1
1.12895044E-2	1.69073120E-1
1.11008994E-2	1.64736882E-1
1.08140670E-2	1.61274254E-1
1.07012633E-2	1.59783259E-1
1.06585259E-2	1.58964634E-1
1.06338914E-2	1.58739582E-1
1.06183542E-2	1.58424735E-1
1.05862916E-2	1.57879427E-1
1.05506675E-2	1.57012701E-1
1.03609394E-2	1.52263761E-1
9.74939205E-3	1.47121340E-1
9.43534076E-3	1.36501685E-1
9.12855286E-3	1.31599084E-1
8.98529310E-3	1.30491838E-1
8.94881226E-3	1.30186185E-1
8.93804897E-3	1.30071700E-1
8.93304404E-3	1.29924670E-1
8.91559385E-3	1.29549921E-1
8.89443327E-3	1.29302174E-1
8.88089743E-3	1.28943175E-1
8.84388387E-3	1.27981648E-1
8.59936047E-3	1.23373024E-1
8.32461566E-3	1.15764387E-1
7.89747760E-3	1.08024821E-1
7.44975405E-3	1.03485830E-1
7.43593648E-3	1.02501124E-1
7.39366375E-3	1.01789691E-1
7.36186188E-3	1.01379007E-1
7.34355487E-3	1.00837611E-1
7.32336473E-3	1.00626051E-1
7.32073514E-3	1.00596242E-1
7.32030813E-3	1.00551516E-1
7.16712838E-3	7.29673654E-2
6.74840156E-3	7.20473081E-2
6.46032486E-3	7.12722018E-2
6.01320527E-3	6.97399527E-2
5.84108476E-3	6.87819719E-2
5.81469759E-3	6.79481849E-2
5.78666478E-3	6.75440580E-2
5.77514712E-3	6.72815293E-2
5.73053211E-3	6.09633215E-2
5.35582239E-3	5.46848327E-2
4.91572591E-3	4.79838327E-2
4.61190660E-3	3.77995335E-2
4.26296238E-3	3.41148600E-2
3.88645311E-3	2.40363870E-2
3.58042098E-3	1.90014243E-2
3.00791161E-3	1.31716300E-2
2.31771660E-3	4.14196914E-3
2.00208649E-3	-4.66502621E-4
1.58868998E-3	-3.30816722E-3
1.38597796E-3	-5.77125698E-3
1.31341233E-3	-6.66273199E-3
1.22094073E-3	-7.14366836E-3
1.03266595E-3	-9.29252338E-3
7.87790690E-4	-1.18855117E-2
4.52394132E-4	-1.35594606E-2
1.20414370E-4	-1.60519537E-2
2.18310070E-5	-1.61137786E-2
2.18570112E-5	-1.61145274E-2
2.19435060E-5	-1.61146112E-2
2.17659963E-5	-1.61124356E-2
2.17682573E-5	-1.61104035E-2
2.15059481E-5	-1.61090959E-2
2.14284992E-5	-1.61110163E-2
2.13962758E-5	-1.61128230E-2
3.01746477E-4	-1.40379546E-2
5.11666236E-4	-1.16559407E-2
1.03738229E-3	-7.70705752E-3
1.72670034E-3	-3.53240548E-3
2.04285677E-3	7.48621009E-4
2.52848887E-3	5.90389408E-3
3.04794963E-3	1.05096484E-2
3.35970125E-3	1.73092764E-2
3.96415265E-3	2.48444397E-2
4.74109221E-3	4.35870886E-2
5.30614797E-3	6.33431301E-2
6.22589746E-3	7.66092166E-2
6.87123043E-3	9.06016752E-2
7.19166314E-3	9.39693525E-2
7.28044519E-3	9.46906283E-2
7.31353508E-3	9.52582806E-2
7.34592462E-3	9.62083861E-2
7.39134755E-3	9.70782712E-2
7.43301678E-3	9.76220667E-2
7.44580524E-3	9.80567485E-2
7.65929185E-3	1.22330882E-1
8.06067977E-3	1.22456558E-1
8.43920931E-3	1.28783509E-1
9.37115960E-3	1.35625720E-1
1.03379581E-2	1.51388764E-1
1.09568387E-2	1.66000426E-1
1.16431108E-2	1.71884418E-1
1.16482601E-2	1.67770997E-1
1.11775426E-2	1.51373744E-1
9.98806208E-3	1.36573389E-1
8.27056170E-3	6.74150586E-2
7.09202746E-3	5.38966395E-2
5.14887320E-3	4.14326377E-2
3.37778172E-3	1.86127126E-2
2.42876913E-3	8.43343441E-4
1.46754563E-3	-4.39342530E-3
1.22533576E-3	-7.69333309E-3
1.13717176E-3	-9.41824820E-3
8.96252459E-4	-1.11739570E-2
5.49180142E-4	-1.37202619E-2
2.11344566E-4	-1.62007529E-2
2.20712864E-5	-1.64317191E-2
2.13391977E-5	-1.64227784E-2
2.13363710E-5	-1.64189469E-2
2.12589221E-5	-1.64162405E-2
2.11119386E-5	-1.64152328E-2
2.10661474E-5	-1.64154898E-2
2.11045899E-5	-1.64173674E-2
2.10751932E-5	-1.64195951E-2
2.10277049E-5	-1.64213907E-2
2.10327926E-5	-1.64249726E-2
2.10254439E-5	-1.64252035E-2
2.10390117E-5	-1.64238159E-2
2.10130074E-5	-1.64233334E-2
2.08671536E-5	-1.64228268E-2
2.09225564E-5	-1.64238010E-2
2.09140762E-5	-1.64247900E-2
2.09214231E-5	-1.64271239E-2
2.09282061E-5	-1.64312143E-2
2.08247529E-5	-1.64338425E-2
2.07789617E-5	-1.64359342E-2
2.08230558E-5	-1.64357014E-2
2.09123773E-5	-1.64344963E-2
2.10130038E-5	-1.64343808E-2
2.12210416E-5	-1.64356269E-2
2.09265090E-5	-1.64367929E-2
2.08038346E-5	-1.64371617E-2
2.07229950E-5	-1.64363775E-2
2.07145149E-5	-1.64355151E-2
2.09022019E-5	-1.64365489E-2
2.08055317E-5	-1.64384693E-2
2.07552184E-5	-1.64415129E-2
2.05177839E-5	-1.64436698E-2
2.06602435E-5	-1.64455585E-2
2.07246903E-5	-1.64470654E-2
2.07473040E-5	-1.64482407E-2
2.09282061E-5	-1.64481234E-2
2.08315359E-5	-1.64471846E-2
2.07196026E-5	-1.64458919E-2
2.05505712E-5	-1.64448917E-2
2.04488133E-5	-1.64442416E-2
2.04527714E-5	-1.64442714E-2
2.05743145E-5	-1.64472703E-2
2.05584856E-5	-1.64463427E-2
2.04940388E-5	-1.64464433E-2
2.04595544E-5	-1.64479427E-2
2.04284624E-5	-1.64486226E-2
2.04205480E-5	-1.64511539E-2
2.05850556E-5	-1.64531115E-2
2.06715504E-5	-1.64532550E-2
2.05669658E-5	-1.64521970E-2
2.04680327E-5	-1.64508000E-2
2.04697299E-5	-1.64476484E-2
2.04799053E-5	-1.64470524E-2
2.06331060E-5	-1.64466631E-2
2.07586072E-5	-1.64469127E-2
2.07885696E-5	-1.64470226E-2
2.08852398E-5	-1.64463408E-2
2.07546509E-5	-1.64458994E-2
