# Mess-Beginn: 22.07.2026 12:49:43
# Kei2000	Kei2000
2.04431035E-5	-1.64173674E-2
2.03854397E-5	-1.64168607E-2
2.05358156E-5	-1.64136495E-2
2.06200475E-5	-1.64136458E-2
2.06635777E-5	-1.64130572E-2
2.08614383E-5	-1.64142940E-2
2.07975572E-5	-1.64149255E-2
2.07325465E-5	-1.64162312E-2
2.05510787E-5	-1.64180826E-2
2.04589323E-5	-1.64188519E-2
2.04012686E-5	-1.64194144E-2
2.04606276E-5	-1.64193083E-2
2.03882664E-5	-1.64181869E-2
2.03187319E-5	-1.64198652E-2
2.02209321E-5	-1.64201688E-2
2.01530947E-5	-1.64207537E-2
2.01734456E-5	-1.64217595E-2
2.02819865E-5	-1.64213795E-2
2.03441723E-5	-1.64200999E-2
2.03707423E-5	-1.64190587E-2
2.03984418E-5	-1.64184496E-2
2.03927884E-5	-1.64178740E-2
2.04470598E-5	-1.64175201E-2
2.04736298E-5	-1.64190531E-2
2.03927884E-5	-1.64197087E-2
2.04549742E-5	-1.64199583E-2
2.04368844E-5	-1.64217986E-2
2.03860054E-5	-1.64215527E-2
2.04012686E-5	-1.64216030E-2
2.03645232E-5	-1.64204985E-2
2.04770222E-5	-1.64197627E-2
2.01242619E-5	-1.64196435E-2
2.02367592E-5	-1.64204352E-2
2.02684168E-5	-1.64212286E-2
2.00993854E-5	-1.64211895E-2
2.03119453E-5	-1.64200030E-2
2.04080497E-5	-1.64181683E-2
2.05047199E-5	-1.64183658E-2
2.05092419E-5	-1.64189674E-2
2.04691041E-5	-1.64207350E-2
2.04086155E-5	-1.64209101E-2
2.02848096E-5	-1.64207984E-2
2.03164673E-5	-1.64205115E-2
2.03588679E-5	-1.64201520E-2
2.03729996E-5	-1.64208077E-2
2.03865675E-5	-1.64220612E-2
2.04832377E-5	-1.64221767E-2
2.04414046E-5	-1.64222140E-2
2.04300977E-5	-1.64218545E-2
2.06160876E-5	-1.64205469E-2
2.05256365E-5	-1.64195262E-2
2.04323587E-5	-1.64195802E-2
2.05064152E-5	-1.64190792E-2
2.04871940E-5	-1.64191648E-2
2.04809767E-5	-1.64182838E-2
2.05663400E-5	-1.64183136E-2
2.05403339E-5	-1.64165236E-2
2.05527722E-5	-1.64176188E-2
2.04532753E-5	-1.64191835E-2
2.04883254E-5	-1.64187327E-2
2.03198597E-5	-1.64189488E-2
2.03102500E-5	-1.64191648E-2
2.03198597E-5	-1.64179131E-2
2.03464297E-5	-1.64188426E-2
2.04408389E-5	-1.64200105E-2
2.04990665E-5	-1.64194200E-2
2.05064152E-5	-1.64196473E-2
2.04210519E-5	-1.64195336E-2
2.03447325E-5	-1.64193530E-2
2.02005740E-5	-1.64195281E-2
2.03040272E-5	-1.64200682E-2
2.01768289E-5	-1.64218340E-2
2.02412757E-5	-1.64225213E-2
2.02774554E-5	-1.64230354E-2
2.02254469E-5	-1.64232161E-2
2.02910232E-5	-1.64233763E-2
2.02599313E-5	-1.64248161E-2
2.01598687E-5	-1.64262820E-2
2.01118182E-5	-1.64267123E-2
2.01440398E-5	-1.64268445E-2
2.00728100E-5	-1.64262746E-2
2.01762632E-5	-1.64272022E-2
-1.12159951E-5	-1.66146792E-2
-1.09083769E-4	-1.76999029E-2
-6.72828464E-4	-1.29868649E-2
-1.43087574E-3	-6.64455025E-3
-1.94524252E-3	-1.88984082E-3
-2.37346068E-3	8.10567476E-3
-2.98813498E-3	1.51124587E-2
-3.46201588E-3	1.95505861E-2
-3.77514889E-3	2.56412439E-2
-4.09574294E-3	2.73727328E-2
-4.12414223E-3	2.74913665E-2
-4.12976043E-3	2.77102422E-2
-4.14008601E-3	2.77899560E-2
-4.14423831E-3	2.78110858E-2
-4.14536940E-3	2.78317872E-2
-4.16868273E-3	2.81940158E-2
-4.19009710E-3	2.86512636E-2
-4.21459321E-3	2.88580470E-2
-4.50805714E-3	3.59439775E-2
-4.92684217E-3	4.35750075E-2
-5.20617794E-3	4.61356193E-2
-5.48539776E-3	5.38084470E-2
-5.65009005E-3	5.49649633E-2
-5.66804176E-3	5.51710613E-2
-5.68128191E-3	5.54725453E-2
-5.75021654E-3	6.03565685E-2
-6.17745658E-3	7.00243190E-2
-6.32441929E-3	7.33320341E-2
-6.77350303E-3	8.31812695E-2
-7.15062674E-3	8.83614793E-2
-7.16974633E-3	8.87250453E-2
-7.18968827E-3	8.91560242E-2
-7.24010123E-3	9.01103765E-2
-7.32722739E-3	9.20728743E-2
-7.55916396E-3	9.98929068E-2
-8.00515432E-3	1.08532764E-1
-8.41833092E-3	1.13599189E-1
-8.53918120E-3	1.17679961E-1
-8.72281287E-3	1.18839160E-1
-8.79997015E-3	1.32349476E-1
-9.07654874E-3	1.35683402E-1
-9.52106621E-3	1.39180243E-1
-9.82344523E-3	1.41670778E-1
-1.00976760E-2	1.44492254E-1
-1.02611473E-2	1.44992128E-1
-1.02804098E-2	1.45157263E-1
-1.03251031E-2	1.46319151E-1
-1.04247751E-2	1.50454372E-1
-1.08579248E-2	1.55421376E-1
-1.11546954E-2	1.62964165E-1
-1.14480611E-2	1.67367086E-1
-1.18205501E-2	1.71449795E-1
-1.20518869E-2	1.77745298E-1
-1.22025609E-2	1.83436006E-1
-1.26636345E-2	1.92077681E-1
-1.30940564E-2	1.97323903E-1
-1.33316610E-2	2.00229168E-1
-1.33640775E-2	2.00497478E-1
-1.33794500E-2	2.00645879E-1
-1.33857215E-2	2.00759321E-1
-1.33873653E-2	2.01202899E-1
-1.34655591E-2	2.02428877E-1
-1.35352109E-2	2.03924924E-1
-1.36055425E-2	2.06154138E-1
-1.38250124E-2	2.09863290E-1
-1.40738878E-2	2.14703590E-1
-1.43100340E-2	2.21549392E-1
-1.46625983E-2	2.28395700E-1
-1.48927523E-2	2.30848119E-1
-1.49303926E-2	2.31386438E-1
-1.49871297E-2	2.34212443E-1
-1.54041238E-2	2.39677206E-1
-1.57035515E-2	2.48162732E-1
-1.60538554E-2	2.63199717E-1
-1.69015769E-2	2.71763653E-1
-1.74089726E-2	2.77491242E-1
-1.77280642E-2	2.85763711E-1
-1.79940611E-2	2.86843181E-1
-1.81472618E-2	2.89633632E-1
-1.84468068E-2	2.96856135E-1
-1.87534727E-2	3.01716357E-1
-1.92402489E-2	3.06826293E-1
-1.96825843E-2	3.13275307E-1
-1.97369978E-2	3.15380812E-1
-1.99781414E-2	3.16057801E-1
-2.02522203E-2	3.20872784E-1
-2.04935037E-2	3.25816065E-1
-2.07198579E-2	3.29020619E-1
-2.10508276E-2	3.33683044E-1
-2.11329479E-2	3.34104180E-1
-2.12170389E-2	3.35551709E-1
-2.16537062E-2	3.40376645E-1
-2.19543595E-2	3.43638361E-1
-2.22594123E-2	3.48475903E-1
-2.26579066E-2	3.50612700E-1
-2.28790175E-2	3.53240073E-1
-2.30303239E-2	3.57419580E-1
-2.34920401E-2	3.60207051E-1
-2.39534751E-2	3.63006711E-1
-2.41034739E-2	3.64675820E-1
-2.42444947E-2	3.64837408E-1
-2.43045930E-2	3.65376592E-1
-2.43732873E-2	3.66674632E-1
-2.45601572E-2	3.68944943E-1
-2.50118375E-2	3.71273160E-1
-2.54298672E-2	3.74435157E-1
-2.56897081E-2	3.77091467E-1
-2.60094032E-2	3.78054351E-1
-2.64706202E-2	3.80979866E-1
-2.67770998E-2	3.83878797E-1
-2.72390340E-2	3.85776430E-1
-2.74594296E-2	3.88114333E-1
-2.77207643E-2	3.89794260E-1
-2.81912331E-2	3.91481668E-1
-2.84961220E-2	3.93974304E-1
-2.88584400E-2	3.95064503E-1
-2.89278328E-2	3.95173520E-1
-2.89612990E-2	3.95348012E-1
-2.90427990E-2	3.95803750E-1
-2.91258115E-2	3.97743255E-1
-2.95731779E-2	3.99107426E-1
-3.00163105E-2	4.00399774E-1
-3.01517453E-2	4.02178586E-1
-3.05757858E-2	4.02749419E-1
-3.09955161E-2	4.04575318E-1
-3.13007608E-2	4.06386673E-1
-3.16075869E-2	4.06986803E-1
-3.20063122E-2	4.08518374E-1
-3.23083326E-2	4.09843594E-1
-3.24596427E-2	4.10909235E-1
-3.29219513E-2	4.11981791E-1
-3.33644226E-2	4.13485676E-1
-3.36478725E-2	4.14878011E-1
-3.41200493E-2	4.15820837E-1
-3.44322473E-2	4.17240202E-1
-3.47482562E-2	4.18427885E-1
-3.54509503E-2	4.19561028E-1
-3.57677266E-2	4.20846850E-1
-3.62374000E-2	4.22097087E-1
-3.65714170E-2	4.22852397E-1
-3.71488780E-2	4.23615217E-1
-3.74619439E-2	4.24729407E-1
-3.77730466E-2	4.25464332E-1
-3.82151417E-2	4.26473945E-1
-3.84608880E-2	4.27043200E-1
-3.87630388E-2	4.28032070E-1
-3.90732363E-2	4.28701848E-1
-3.95364948E-2	4.29649562E-1
-3.98265943E-2	4.30301160E-1
-4.01473865E-2	4.30919856E-1
-4.06278372E-2	4.31893557E-1
-4.11111191E-2	4.32830513E-1
-4.12628725E-2	4.32977289E-1
-4.14310358E-2	4.33051169E-1
-4.14538197E-2	4.33088928E-1
-4.14624475E-2	4.33113217E-1
-4.14891876E-2	4.33168381E-1
-4.16905172E-2	4.33782995E-1
-4.19715941E-2	4.34524417E-1
-4.22611237E-2	4.35022503E-1
-4.26915623E-2	4.35619682E-1
-4.29296941E-2	4.35687691E-1
-4.30799425E-2	4.35910404E-1
-4.33783345E-2	4.36636776E-1
-4.38329540E-2	4.37374026E-1
-4.41390574E-2	4.37848538E-1
-4.44301739E-2	4.38159317E-1
-4.44871821E-2	4.38220739E-1
-4.45133001E-2	4.38487321E-1
-4.49528918E-2	4.38929409E-1
-4.54099923E-2	4.39607412E-1
-4.57320511E-2	4.40556169E-1
-4.63025421E-2	4.41146225E-1
-4.67880666E-2	4.41778392E-1
-4.72844131E-2	4.42609578E-1
-4.75728698E-2	4.42892343E-1
-4.81941439E-2	4.43467915E-1
-4.88247238E-2	4.43838209E-1
-4.89811264E-2	4.44339663E-1
-4.93449494E-2	4.44709033E-1
-4.97701280E-2	4.45146650E-1
-4.99183238E-2	4.45297688E-1
-5.03802262E-2	4.45740730E-1
-5.06703779E-2	4.46015894E-1
-5.11343032E-2	4.46258515E-1
-5.14499098E-2	4.46628809E-1
-5.17594889E-2	4.46873277E-1
-5.22047468E-2	4.47120368E-1
-5.23211472E-2	4.47239757E-1
-5.27573600E-2	4.47518080E-1
-5.30523881E-2	4.47799414E-1
-5.33582196E-2	4.47992235E-1
-5.37590683E-2	4.48104978E-1
-5.38326092E-2	4.48174089E-1
-5.38823679E-2	4.48330522E-1
-5.43147400E-2	4.48579967E-1
-5.47445454E-2	4.48825896E-1
-5.50353080E-2	4.48971927E-1
-5.52863739E-2	4.49017853E-1
-5.53398393E-2	4.49060738E-1
-5.53905033E-2	4.49094325E-1
-5.55839986E-2	4.49286073E-1
-5.60266115E-2	4.49442625E-1
-5.64849526E-2	4.49678689E-1
-5.66413216E-2	4.49894726E-1
-5.72756268E-2	4.50166792E-1
-5.76004237E-2	4.50338095E-1
-5.80643341E-2	4.50606942E-1
-5.89284860E-2	4.50951457E-1
-5.94433434E-2	4.51179475E-1
-5.97482137E-2	4.51310247E-1
-5.99233061E-2	4.51444447E-1
-6.03799485E-2	4.51587647E-1
-6.08799234E-2	4.51731443E-1
-6.12043254E-2	4.51944619E-1
-6.15427196E-2	4.52073157E-1
-6.18493967E-2	4.52193439E-1
-6.20040856E-2	4.52326775E-1
-6.24726266E-2	4.52523798E-1
-6.27878979E-2	4.52777535E-1
-6.34678602E-2	4.52859908E-1
-6.37842864E-2	4.53055590E-1
-6.42503574E-2	4.53250825E-1
-6.45672604E-2	4.53381747E-1
-6.48645088E-2	4.53576267E-1
-6.53279349E-2	4.53702927E-1
-6.57900497E-2	4.53827828E-1
-6.60866424E-2	4.53997552E-1
-6.62682876E-2	4.54106480E-1
-6.67146668E-2	4.54216927E-1
-6.70200065E-2	4.54333872E-1
-6.74878359E-2	4.54526335E-1
-6.79412633E-2	4.54757482E-1
-6.82606623E-2	4.54882801E-1
-6.87313899E-2	4.55004096E-1
-6.92282692E-2	4.55187619E-1
-6.95664212E-2	4.55298364E-1
-6.98835477E-2	4.55463082E-1
-7.03489929E-2	4.55618560E-1
-7.06503466E-2	4.55703884E-1
-7.08625615E-2	4.55733895E-1
-7.09191114E-2	4.55784172E-1
-7.13087097E-2	4.55880374E-1
-7.16033280E-2	4.56034213E-1
-7.19048604E-2	4.56193984E-1
-7.23430291E-2	4.56271887E-1
-7.24170506E-2	4.56280738E-1
-7.22850561E-2	4.56192076E-1
-7.18631372E-2	4.56074387E-1
-7.14139938E-2	4.56032395E-1
-7.10798874E-2	4.55905080E-1
-7.07287341E-2	4.55776930E-1
-7.02697635E-2	4.55687642E-1
-6.99673966E-2	4.55555946E-1
-6.96662739E-2	4.55480307E-1
-6.94329143E-2	4.55460787E-1
-6.94127828E-2	4.55455512E-1
-6.92923367E-2	4.55351502E-1
-6.88736439E-2	4.55261707E-1
-6.84135705E-2	4.55163985E-1
-6.79936782E-2	4.54946607E-1
-6.75174370E-2	4.54766303E-1
-6.70271292E-2	4.54714358E-1
-6.67188987E-2	4.54565138E-1
-6.63705021E-2	4.54490304E-1
-6.61865473E-2	4.54411238E-1
-6.58824891E-2	4.54303116E-1
-6.54198155E-2	4.54139918E-1
-6.51109144E-2	4.54031259E-1
-6.47838712E-2	4.53940541E-1
-6.46437928E-2	4.53865945E-1
-6.42041042E-2	4.53703493E-1
-6.38994798E-2	4.53561187E-1
-6.34283423E-2	4.53234076E-1
-6.26423210E-2	4.53015953E-1
-6.21472448E-2	4.52892840E-1
-6.19874597E-2	4.52796489E-1
-6.16450198E-2	4.52700615E-1
-6.11923747E-2	4.52578753E-1
-6.08796179E-2	4.52359557E-1
-6.02818131E-2	4.52065974E-1
-5.95811270E-2	4.51892972E-1
-5.92639372E-2	4.51755971E-1
-5.89534640E-2	4.51588720E-1
-5.86270727E-2	4.51517403E-1
-5.84743880E-2	4.51389253E-1
-5.81730567E-2	4.51181233E-1
-5.75832948E-2	4.50971931E-1
-5.69860525E-2	4.50692236E-1
-5.63887917E-2	4.50353414E-1
-5.56841902E-2	4.49972719E-1
-5.49095646E-2	4.49742883E-1
-5.45824133E-2	4.49572951E-1
-5.41509129E-2	4.49181497E-1
-5.34004904E-2	4.48939651E-1
-5.30666448E-2	4.48661715E-1
-5.25795817E-2	4.48366076E-1
-5.20446226E-2	4.48163092E-1
-5.17307483E-2	4.47950423E-1
-5.14150523E-2	4.47637469E-1
-5.09089790E-2	4.47382540E-1
-5.03340848E-2	4.46913391E-1
-4.99753878E-2	4.46333766E-1
-4.90898564E-2	4.45761323E-1
-4.85260263E-2	4.45221812E-1
-4.81949486E-2	4.44701701E-1
-4.77393903E-2	4.44158703E-1
-4.72584106E-2	4.43771213E-1
-4.69442569E-2	4.43204969E-1
-4.66297790E-2	4.42830443E-1
-4.60778773E-2	4.42408204E-1
-4.57606465E-2	4.41776454E-1
-4.52199504E-2	4.40971673E-1
-4.46412861E-2	4.40162301E-1
-4.38269675E-2	4.39161956E-1
-4.34570462E-2	4.38228190E-1
-4.26852740E-2	4.37500060E-1
-4.22630571E-2	4.36565757E-1
-4.16576304E-2	4.34879124E-1
-4.04011048E-2	4.33373570E-1
-3.93798836E-2	4.31287378E-1
-3.85873616E-2	4.29253489E-1
-3.77195440E-2	4.28117871E-1
-3.72682512E-2	4.27037150E-1
-3.66567187E-2	4.25166965E-1
-3.59638967E-2	4.23539490E-1
-3.50647494E-2	4.21969831E-1
-3.45607884E-2	4.19975519E-1
-3.37970480E-2	4.17411119E-1
-3.32017988E-2	4.16599512E-1
-3.26916203E-2	4.15016502E-1
-3.22174467E-2	4.12453085E-1
-3.17387134E-2	4.11228031E-1
-3.11229937E-2	4.08185005E-1
-3.05278841E-2	4.05061752E-1
-2.97049489E-2	4.03103411E-1
-2.87868436E-2	3.99210006E-1
-2.82452386E-2	3.96047711E-1
-2.76102219E-2	3.92796010E-1
-2.66510788E-2	3.86925429E-1
-2.60580890E-2	3.81311417E-1
-2.51763128E-2	3.78874928E-1
-2.45686118E-2	3.75639498E-1
-2.40336116E-2	3.70209455E-1
-2.35263892E-2	3.61986995E-1
-2.25883350E-2	3.56371284E-1
-2.19179783E-2	3.46600503E-1
-2.12976765E-2	3.40214133E-1
-2.05233991E-2	3.36077988E-1
-2.00115293E-2	3.28666806E-1
-1.95640400E-2	3.21131319E-1
-1.90461073E-2	3.16320062E-1
-1.85648426E-2	3.11693192E-1
-1.84092075E-2	3.06483060E-1
-1.80241391E-2	3.03349167E-1
-1.76177695E-2	2.96422780E-1
-1.73152070E-2	2.88876116E-1
-1.68515854E-2	2.83842951E-1
-1.65451858E-2	2.77631402E-1
-1.63299479E-2	2.70015478E-1
-1.60534102E-2	2.64667541E-1
-1.56024620E-2	2.58893132E-1
-1.52122341E-2	2.52607942E-1
-1.49718309E-2	2.46265575E-1
-1.45178027E-2	2.40101412E-1
-1.40573634E-2	2.33943105E-1
-1.37249343E-2	2.23943740E-1
-1.33467065E-2	2.16540068E-1
-1.28911855E-2	2.07203090E-1
-1.26010086E-2	1.98435113E-1
-1.21810017E-2	1.93277508E-1
-1.19682839E-2	1.90369099E-1
-1.19468952E-2	1.88490897E-1
-1.18750585E-2	1.86791763E-1
-1.15747470E-2	1.81691080E-1
-1.13039045E-2	1.73741207E-1
-1.08581241E-2	1.68165296E-1
-1.05924411E-2	1.61014125E-1
-1.03609422E-2	1.58106357E-1
-1.00570973E-2	1.50179848E-1
-9.59131960E-3	1.44903645E-1
-9.12948512E-3	1.36964351E-1
-8.97546764E-3	1.31261185E-1
-8.54961202E-3	1.26056135E-1
-8.09140038E-3	1.20232292E-1
-7.64130848E-3	7.91237727E-2
-6.76467316E-3	7.72113129E-2
-6.31737150E-3	7.23621026E-2
-5.73895499E-3	6.43576086E-2
-4.96916799E-3	5.18713444E-2
-4.37308941E-3	3.62473875E-2
-3.88865499E-3	3.08652353E-2
-3.55371390E-3	2.12658048E-2
-3.07954405E-3	1.28294202E-2
-2.72152759E-3	9.51025635E-3
-2.51360354E-3	4.36006719E-3
-2.04414688E-3	-5.33194689E-4
-1.58594362E-3	-3.77333979E-3
-1.27908017E-3	-7.00650038E-3
-1.05312292E-3	-9.15863179E-3
-6.99473545E-4	-1.09953117E-2
-4.71044041E-4	-1.36917187E-2
-1.33866473E-4	-1.62815489E-2
1.77544680E-5	-1.65402219E-2
1.77838647E-5	-1.65444072E-2
1.78884493E-5	-1.65420454E-2
1.80337374E-5	-1.65387187E-2
1.81778923E-5	-1.65396668E-2
1.84243727E-5	-1.65405888E-2
1.85091703E-5	-1.65421981E-2
1.84633791E-5	-1.65427607E-2
1.85193458E-5	-1.65398698E-2
1.84650762E-5	-1.65370423E-2
1.85979261E-5	-1.65349972E-2
1.86612415E-5	-1.65342484E-2
1.86951656E-5	-1.65348165E-2
1.88896393E-5	-1.65355559E-2
1.88008871E-5	-1.65369362E-2
1.90066658E-5	-1.65373757E-2
1.91734343E-5	-1.65383983E-2
1.91089875E-5	-1.65384710E-2
1.92203570E-5	-1.65369362E-2
1.90631981E-5	-1.65358670E-2
1.90083611E-5	-1.65350549E-2
1.90914634E-5	-1.65351331E-2
1.92096159E-5	-1.65347159E-2
1.94131298E-5	-1.65361390E-2
1.93554679E-5	-1.65353101E-2
1.91615636E-5	-1.65346656E-2
1.89359998E-5	-1.65372100E-2
1.88715530E-5	-1.65380482E-2
1.88919057E-5	-1.65378414E-2
1.89885759E-5	-1.65410973E-2
1.90745031E-5	-1.65411141E-2
1.91717390E-5	-1.65417809E-2
1.91553445E-5	-1.65437590E-2
1.92169646E-5	-1.65429506E-2
1.93532069E-5	-1.65436137E-2
1.93300293E-5	-1.65439621E-2
1.92989355E-5	-1.65463723E-2
1.94606182E-5	-1.65490564E-2
1.94374388E-5	-1.65507291E-2
1.93520755E-5	-1.65524390E-2
1.95165849E-5	-1.65533274E-2
1.93735577E-5	-1.65521037E-2
1.94261338E-5	-1.65519472E-2
1.94600525E-5	-1.65503379E-2
1.94617478E-5	-1.65467802E-2
1.96539568E-5	-1.65452976E-2
1.96635665E-5	-1.65474303E-2
1.96731780E-5	-1.65496226E-2
1.96788314E-5	-1.65513083E-2
1.95448501E-5	-1.65522974E-2
1.94764471E-5	-1.65507291E-2
1.96251258E-5	-1.65504944E-2
1.96788314E-5	-1.65519342E-2
1.97432782E-5	-1.65523011E-2
1.98325979E-5	-1.65535212E-2
1.98636917E-5	-1.65538844E-2
1.99021324E-5	-1.65535826E-2
2.00881223E-5	-1.65531151E-2
2.00739905E-5	-1.65527221E-2
1.99818423E-5	-1.65521316E-2
2.00598570E-5	-1.65535193E-2
1.97839800E-5	-1.65544413E-2
1.98399466E-5	-1.65536143E-2
1.98665166E-5	-1.65539589E-2
1.96703513E-5	-1.65534634E-2
1.97031404E-5	-1.65536478E-2
1.97387544E-5	-1.65542327E-2
1.97958525E-5	-1.65538285E-2
1.97862428E-5	-1.65539719E-2
1.98495582E-5	-1.65531430E-2
1.98399466E-5	-1.65520087E-2
1.98218568E-5	-1.65517423E-2
2.00587256E-5	-1.65510476E-2
2.01209114E-5	-1.65510029E-2
2.00304603E-5	-1.65516771E-2
2.01604835E-5	-1.65520869E-2
1.99812766E-5	-1.65506862E-2
1.99603601E-5	-1.65489111E-2
1.99388778E-5	-1.65483523E-2
1.97930258E-5	-1.65468603E-2
1.97630634E-5	-1.65463258E-2
1.96364326E-5	-1.65470615E-2
1.97924619E-5	-1.65456012E-2
1.99072274E-5	-1.65444482E-2
1.99925962E-5	-1.65433493E-2
2.00146460E-5	-1.65424701E-2
1.99739479E-5	-1.65425576E-2
1.99015867E-5	-1.65435430E-2
2.00276536E-5	-1.65435988E-2
1.99400274E-5	-1.65437628E-2
1.99942988E-5	-1.65430773E-2
2.00632676E-5	-1.65429022E-2
1.99117621E-5	-1.65426489E-2
2.00016475E-5	-1.65434889E-2
1.98959333E-5	-1.65438689E-2
1.97449917E-5	-1.65434722E-2
1.97947411E-5	-1.65434889E-2
1.98020898E-5	-1.65434219E-2
1.69855688E-4	-1.83143839E-2
5.03856107E-4	-1.98719464E-2
9.34251584E-4	-1.70024019E-2
1.54015422E-3	-9.54342633E-3
2.61405227E-3	4.60261060E-3
3.58060352E-3	1.50144976E-2
4.26570559E-3	2.70178709E-2
4.97048348E-3	3.85231301E-2
5.31823095E-3	4.79184240E-2
5.84822008E-3	5.52069321E-2
6.14712527E-3	6.18945025E-2
6.61215745E-3	7.14715049E-2
7.02639110E-3	7.73240849E-2
7.14385742E-3	8.38262364E-2
7.29790516E-3	8.48975554E-2
7.45095685E-3	8.81957263E-2
7.73183815E-3	9.41148549E-2
8.18933826E-3	1.03243530E-1
8.67212750E-3	1.09948531E-1
9.05915909E-3	1.40626788E-1
9.54770204E-3	1.40795678E-1
9.86047275E-3	1.41144663E-1
1.01783918E-2	1.44394204E-1
1.07762795E-2	1.52313888E-1
1.12495488E-2	1.57627225E-1
1.15642129E-2	1.62951335E-1
1.19583309E-2	1.67864636E-1
1.19792223E-2	1.68688774E-1
1.20504731E-2	1.69858649E-1
1.22844018E-2	1.78201348E-1
1.27397142E-2	1.86754048E-1
1.31889442E-2	1.92168191E-1
1.35273868E-2	1.99684978E-1
1.38982413E-2	2.09011748E-1
1.43674091E-2	2.15265647E-1
1.46792810E-2	2.24688470E-1
1.51203098E-2	2.31971860E-1
1.55249108E-2	2.37838343E-1
1.58336461E-2	2.43751094E-1
1.63022410E-2	2.52590448E-1
1.66769214E-2	2.59289056E-1
1.68036949E-2	2.64860332E-1
1.73121598E-2	2.76890755E-1
1.82189457E-2	2.92023987E-1
1.88228805E-2	2.96866834E-1
1.94821693E-2	3.06346089E-1
1.99945476E-2	3.14252257E-1
2.03124117E-2	3.18440169E-1
2.07883567E-2	3.24667662E-1
2.12490577E-2	3.30596030E-1
2.15584822E-2	3.34089488E-1
2.18748432E-2	3.39318424E-1
2.23493800E-2	3.44454229E-1
2.28186641E-2	3.47527713E-1
2.30834410E-2	3.51167858E-1
2.35471316E-2	3.55356276E-1
2.40161773E-2	3.56764168E-1
2.41970308E-2	3.61652344E-1
2.47236528E-2	3.65317643E-1
2.52024494E-2	3.67732465E-1
2.55187899E-2	3.71252596E-1
2.59341821E-2	3.73056054E-1
2.61760484E-2	3.75156134E-1
2.64810659E-2	3.77115309E-1
2.67927181E-2	3.80081803E-1
2.73138657E-2	3.84420991E-1
2.81466674E-2	3.86817634E-1
2.84764674E-2	3.89597893E-1
2.92026196E-2	3.94010365E-1
2.97629368E-2	3.95770550E-1
3.02751232E-2	3.97537440E-1
3.13189663E-2	4.00124252E-1
3.14842314E-2	4.02649194E-1
3.22210677E-2	4.05914456E-1
3.30592245E-2	4.08558935E-1
3.33919041E-2	4.09716547E-1
3.38694341E-2	4.11049604E-1
3.39498706E-2	4.11205202E-1
3.39795798E-2	4.11270052E-1
3.39943431E-2	4.11422163E-1
3.43304686E-2	4.12751257E-1
3.47810760E-2	4.13670987E-1
3.50893661E-2	4.14611042E-1
3.55117470E-2	4.15935457E-1
3.55420336E-2	4.16098475E-1
3.55678052E-2	4.16461945E-1
3.59531604E-2	4.17660981E-1
3.64050791E-2	4.18889910E-1
3.67116183E-2	4.19814169E-1
3.73264626E-2	4.21010613E-1
3.78032215E-2	4.22165394E-1
3.81185785E-2	4.22924936E-1
3.84395495E-2	4.24068779E-1
3.88741530E-2	4.24920082E-1
3.91863286E-2	4.25595552E-1
3.96593250E-2	4.26614612E-1
4.02642526E-2	4.27631617E-1
4.06872556E-2	4.28443164E-1
4.11714576E-2	4.29406196E-1
4.14877236E-2	4.30347770E-1
4.18329872E-2	4.30587620E-1
4.20727022E-2	4.31322604E-1
4.25408147E-2	4.32132959E-1
4.30113450E-2	4.32714313E-1
4.35718894E-2	4.33618903E-1
4.39712480E-2	4.34464782E-1
4.44492474E-2	4.35216129E-1
4.47667614E-2	4.35666978E-1
4.50871997E-2	4.36136842E-1
4.55476716E-2	4.36804533E-1
4.58755307E-2	4.37351763E-1
4.64470871E-2	4.38529670E-1
4.72240634E-2	4.39194560E-1
4.75533605E-2	4.39410478E-1
4.83234860E-2	4.40390378E-1
4.88444529E-2	4.40970957E-1
4.92030159E-2	4.41443235E-1
5.00792824E-2	4.42229927E-1
5.04753031E-2	4.42852259E-1
5.13900220E-2	4.43344802E-1
5.19773327E-2	4.43896264E-1
5.28137125E-2	4.44485039E-1
5.35428263E-2	4.44736242E-1
5.39471209E-2	4.45155680E-1
5.46942800E-2	4.45549816E-1
5.51926978E-2	4.45644230E-1
5.56547232E-2	4.46036190E-1
5.61950952E-2	4.46407527E-1
5.68174906E-2	4.46599931E-1
5.71828298E-2	4.46923852E-1
5.78547046E-2	4.47166532E-1
5.83123080E-2	4.47312951E-1
5.86222000E-2	4.47462589E-1
5.89451380E-2	4.47706908E-1
5.94716854E-2	4.47916716E-1
5.97981885E-2	4.48118001E-1
6.05892576E-2	4.48504359E-1
6.13356195E-2	4.48762566E-1
6.17021956E-2	4.48954552E-1
6.24586008E-2	4.49150294E-1
6.27922937E-2	4.49354500E-1
6.33349344E-2	4.49511528E-1
6.39339909E-2	4.49823707E-1
6.47380725E-2	4.50105280E-1
6.56217113E-2	4.50320542E-1
6.61915317E-2	4.50600803E-1
6.70003965E-2	4.50890929E-1
6.74611181E-2	4.51034695E-1
6.78989217E-2	4.51244920E-1
6.89583495E-2	4.51619267E-1
7.00069889E-2	4.51835781E-1
7.06328377E-2	4.52212781E-1
7.17817619E-2	4.52533305E-1
7.27496222E-2	4.52736050E-1
7.33759999E-2	4.53032225E-1
7.41904825E-2	4.53191489E-1
7.50866085E-2	4.53463495E-1
7.52681941E-2	4.53587592E-1
7.58025944E-2	4.53772485E-1
7.63228312E-2	4.53890443E-1
7.63942525E-2	4.53909010E-1
7.64406398E-2	4.53951776E-1
7.64093995E-2	4.53957707E-1
7.61549026E-2	4.53917444E-1
7.58214518E-2	4.53799784E-1
7.52540380E-2	4.53592420E-1
7.41582662E-2	4.53390211E-1
7.33197480E-2	4.53129262E-1
7.23011494E-2	4.52883750E-1
7.13273957E-2	4.52720404E-1
7.07494244E-2	4.52536553E-1
6.97400421E-2	4.52230245E-1
6.85788617E-2	4.51997310E-1
6.79183304E-2	4.51637566E-1
6.68295547E-2	4.51346189E-1
6.62799180E-2	4.51207906E-1
6.58951104E-2	4.51041311E-1
6.50108457E-2	4.50827718E-1
6.45073503E-2	4.50646698E-1
6.40204847E-2	4.50446814E-1
6.32691607E-2	4.50238407E-1
6.28916696E-2	4.49966550E-1
6.19873218E-2	4.49858069E-1
6.14093579E-2	4.49535549E-1
6.04787357E-2	4.49188679E-1
5.97260334E-2	4.49004799E-1
5.95560856E-2	4.48740274E-1
5.87872788E-2	4.48529005E-1
5.82162291E-2	4.48354900E-1
5.76342605E-2	4.47972119E-1
5.68158850E-2	4.47655767E-1
5.59067652E-2	4.47385430E-1
5.53668626E-2	4.47017640E-1
5.47383204E-2	4.46571618E-1
5.38069755E-2	4.46424097E-1
5.33679426E-2	4.45993036E-1
5.24388924E-2	4.45532560E-1
5.19038178E-2	4.45323646E-1
5.13272360E-2	4.44719285E-1
5.06126732E-2	4.44316596E-1
5.00897951E-2	4.43787813E-1
4.91725951E-2	4.43249077E-1
4.87537906E-2	4.42561716E-1
4.78303842E-2	4.41595674E-1
4.72411886E-2	4.41146195E-1
4.69998196E-2	4.40077603E-1
4.61257175E-2	4.39510822E-1
4.56241742E-2	4.39100116E-1
4.52998355E-2	4.38562870E-1
4.50183116E-2	4.38294828E-1
4.45750244E-2	4.37874079E-1
4.40376997E-2	4.36605811E-1
4.34357189E-2	4.35272068E-1
4.25288267E-2	4.34557736E-1
4.20491174E-2	4.33271497E-1
4.12335992E-2	4.31917727E-1
4.02973592E-2	4.30806071E-1
3.95511054E-2	4.29100633E-1
3.87634300E-2	4.27188039E-1
3.79227586E-2	4.26134676E-1
3.70569415E-2	4.24109578E-1
3.64704505E-2	4.22234654E-1
3.55349667E-2	4.20681834E-1
3.44121568E-2	4.17677939E-1
3.37367691E-2	4.14407820E-1
3.26346681E-2	4.12338436E-1
3.17011960E-2	4.09275889E-1
3.12142186E-2	4.07247603E-1
3.04374173E-2	4.04299200E-1
2.99208369E-2	4.02877867E-1
2.94804387E-2	3.99424076E-1
2.88161524E-2	3.96756381E-1
2.83297021E-2	3.95198345E-1
2.79609524E-2	3.92494887E-1
2.75106672E-2	3.89617980E-1
2.69038808E-2	3.86627614E-1
2.62918100E-2	3.78713757E-1
2.49667000E-2	3.70383590E-1
2.36781910E-2	3.62947345E-1
2.28396896E-2	3.50255132E-1
2.15102676E-2	3.35710794E-1
2.01330222E-2	3.24074924E-1
1.93437338E-2	3.11372936E-1
1.80969816E-2	2.94740170E-1
1.73379388E-2	2.86638767E-1
1.70003809E-2	2.78889507E-1
1.67874787E-2	2.76162624E-1
1.65618267E-2	2.71966934E-1
1.63147915E-2	2.64155626E-1
1.58751756E-2	2.58323520E-1
1.51645085E-2	2.48279646E-1
1.47612309E-2	2.35836044E-1
1.42701259E-2	2.19367757E-1
1.33748241E-2	2.07528144E-1
1.24925310E-2	1.90958798E-1
1.18869077E-2	1.79499522E-1
1.10405739E-2	1.63281247E-1
1.00428723E-2	1.50284708E-1
8.84443801E-3	1.36689857E-1
8.39008857E-3	7.72601515E-2
6.84829382E-3	7.48098642E-2
6.53180992E-3	7.05472529E-2
5.57954004E-3	5.89215681E-2
5.06146159E-3	4.78469357E-2
4.74877423E-3	4.02182005E-2
4.02828818E-3	2.71973591E-2
3.35787167E-3	1.88788269E-2
2.78887805E-3	6.13035262E-3
1.85344648E-3	-3.14830267E-3
1.01073191E-3	-1.05402898E-2
6.02517743E-4	-1.33484527E-2
1.69734194E-4	-1.64609421E-2
2.36734140E-5	-1.68000218E-2
2.34806412E-5	-1.67957954E-2
2.32697766E-5	-1.67917497E-2
2.31906306E-5	-1.67914033E-2
2.31058330E-5	-1.67894252E-2
2.29254947E-5	-1.67878326E-2
2.27225446E-5	-1.67895388E-2
2.25659514E-5	-1.67911891E-2
2.25472959E-5	-1.67975444E-2
2.25885651E-5	-1.68011244E-2
2.26501852E-5	-1.68044306E-2
2.27151959E-5	-1.68056916E-2
2.25190306E-5	-1.68080963E-2
2.23663938E-5	-1.68113280E-2
2.20402035E-5	-1.68120861E-2
2.18332952E-5	-1.68131348E-2
2.20339844E-5	-1.68139972E-2
2.20662077E-5	-1.68140084E-2
2.23313436E-5	-1.68158319E-2
2.23347361E-5	-1.68166868E-2
2.22375002E-5	-1.68183614E-2
2.22041472E-5	-1.68220270E-2
2.20650782E-5	-1.68231465E-2
2.20283328E-5	-1.68240499E-2
2.20040238E-5	-1.68234371E-2
2.19808462E-5	-1.68207251E-2
2.20215516E-5	-1.68199781E-2
2.18355599E-5	-1.68191679E-2
2.18366913E-5	-1.68187674E-2
2.17501965E-5	-1.68180875E-2
2.17207999E-5	-1.68180689E-2
2.20351194E-5	-1.68166123E-2
2.20571656E-5	-1.68155450E-2
2.19978083E-5	-1.68159883E-2
2.18672176E-5	-1.68163460E-2
2.16885765E-5	-1.68138463E-2
2.16727476E-5	-1.68132465E-2
2.18112509E-5	-1.68124679E-2
2.18022069E-5	-1.68108959E-2
2.16880126E-5	-1.68111268E-2
2.16727476E-5	-1.68120004E-2
2.16275221E-5	-1.68109164E-2
2.16054741E-5	-1.68111827E-2
2.17575471E-5	-1.68116689E-2
2.17711131E-5	-1.68127138E-2
2.16721819E-5	-1.68136097E-2
2.17151464E-5	-1.68140959E-2
2.16003864E-5	-1.68134496E-2
2.15240689E-5	-1.68132316E-2
2.16190419E-5	-1.68131646E-2
2.13686053E-5	-1.68124363E-2
2.14160918E-5	-1.68132428E-2
2.13663443E-5	-1.68133788E-2
2.12679788E-5	-1.68138500E-2
2.13341209E-5	-1.68137178E-2
2.12555406E-5	-1.68106630E-2
2.13782150E-5	-1.68096181E-2
2.13578642E-5	-1.68088488E-2
2.12623254E-5	-1.68071818E-2
2.12108826E-5	-1.68072712E-2
2.12244504E-5	-1.68078747E-2
2.11684837E-5	-1.68080796E-2
2.11747029E-5	-1.68081131E-2
2.11713104E-5	-1.68090984E-2
2.11413480E-5	-1.68085247E-2
2.12431059E-5	-1.68070551E-2
2.12357572E-5	-1.68065280E-2
2.12894629E-5	-1.68058462E-2
2.11679180E-5	-1.68047398E-2
2.10463750E-5	-1.68052353E-2
2.11413480E-5	-1.68054346E-2
2.11628303E-5	-1.68057736E-2
2.12476298E-5	-1.68056414E-2
2.10689868E-5	-1.68044344E-2
2.09101327E-5	-1.68028884E-2
2.08473812E-5	-1.68022327E-2
2.09191785E-5	-1.68024842E-2
2.10141516E-5	-1.68013647E-2
2.09027839E-5	-1.67995300E-2
2.10831204E-5	-1.67985074E-2
2.11249553E-5	-1.67972986E-2
2.11860097E-5	-1.67979263E-2
2.11334336E-5	-1.67977680E-2
2.10034104E-5	-1.67977437E-2
2.09514019E-5	-1.67973712E-2
2.09745795E-5	-1.67963151E-2
2.11130828E-5	-1.67959295E-2
2.10904691E-5	-1.67967286E-2
2.11034730E-5	-1.67974886E-2
2.08858237E-5	-1.67980008E-2
2.08010260E-5	-1.67978089E-2
2.06851346E-5	-1.67986304E-2
2.06840032E-5	-1.67978890E-2
2.07230059E-5	-1.67981088E-2
2.07806643E-5	-1.67971402E-2
2.08191032E-5	-1.67960078E-2
