# Mess-Beginn: 22.07.2026 12:34:21
# Kei2000	Kei2000
2.01961266E-5	2.73930710E-2
2.03131476E-5	2.73918118E-2
2.02927968E-5	2.73908786E-2
2.02153478E-5	2.73908060E-2
2.02634001E-5	2.73914654E-2
2.02193041E-5	2.73920242E-2
2.01248949E-5	2.73926146E-2
2.00231389E-5	2.73923445E-2
2.00259656E-5	2.73914393E-2
1.99558654E-5	2.73915250E-2
2.00706254E-5	2.73912475E-2
2.00644063E-5	2.73916125E-2
2.00253999E-5	2.73921229E-2
1.99134665E-5	2.73920447E-2
1.98620219E-5	2.73921378E-2
1.99264687E-5	2.73920372E-2
1.98252765E-5	2.73923501E-2
1.98970720E-5	2.73917578E-2
1.98965063E-5	2.73916423E-2
1.99852620E-5	2.73917615E-2
2.00429240E-5	2.73924079E-2
2.01893417E-5	2.73933858E-2
2.01186776E-5	2.73937583E-2
1.99971328E-5	2.73941085E-2
1.99519072E-5	2.73953881E-2
1.98789821E-5	2.73957979E-2
1.99055521E-5	2.73958463E-2
2.00056129E-5	2.73959581E-2
2.00536670E-5	2.73962673E-2
2.00604536E-5	2.73962989E-2
2.00152317E-5	2.73963287E-2
2.00118429E-5	2.73955185E-2
1.99049991E-5	2.73947138E-2
1.99473980E-5	2.73936018E-2
1.98761682E-5	2.73921080E-2
1.98857779E-5	2.73917876E-2
1.99813167E-5	2.73916740E-2
2.01350849E-5	2.73916963E-2
2.01995317E-5	2.73928251E-2
2.01373459E-5	2.73931380E-2
2.01543062E-5	2.73931343E-2
2.00180639E-5	2.73930915E-2
2.00135401E-5	2.73925569E-2
1.99705755E-5	2.73912791E-2
1.99954502E-5	2.73902565E-2
2.00977738E-5	2.73892991E-2
2.00587656E-5	2.73884516E-2
2.00712038E-5	2.73886379E-2
1.99920578E-5	2.73887310E-2
1.98908656E-5	2.73892935E-2
1.98609032E-5	2.73896474E-2
1.99123479E-5	2.73895767E-2
1.99078258E-5	2.73901187E-2
1.99451370E-5	2.73906179E-2
1.99146089E-5	2.73909457E-2
1.99310034E-5	2.73909234E-2
2.01011662E-5	2.73915138E-2
2.00672457E-5	2.73921136E-2
2.01814400E-5	2.73922272E-2
2.01469556E-5	2.73928549E-2
2.01718303E-5	2.73931976E-2
1.99717069E-5	2.73930021E-2
2.00118448E-5	2.73935534E-2
1.99021724E-5	2.73931306E-2
1.97653644E-5	2.73924377E-2
1.96997880E-5	2.73925494E-2
1.95686316E-5	2.73926388E-2
1.95245357E-5	2.73932256E-2
1.96607780E-5	2.73936726E-2
1.97472727E-5	2.73931436E-2
1.99937531E-5	2.73926537E-2
2.01684361E-5	2.73931604E-2
2.01944404E-5	2.73941923E-2
2.02888496E-5	2.73950063E-2
2.01916155E-5	2.73959022E-2
2.00344548E-5	2.73960941E-2
2.01141647E-5	2.73952540E-2
2.01882231E-5	2.73952596E-2
2.02741521E-5	2.73953807E-2
2.02792398E-5	2.73956284E-2
2.02617139E-5	2.73954365E-2
2.02323172E-5	2.73959339E-2
2.02006595E-5	2.73958631E-2
2.01198181E-5	2.73948554E-2
2.00632876E-5	2.73954477E-2
2.00779850E-5	2.73952987E-2
2.01085131E-5	2.73961723E-2
2.04482694E-5	2.73971409E-2
2.04703174E-5	2.73979157E-2
2.04154821E-5	2.73986124E-2
2.03725176E-5	2.73984633E-2
2.02871543E-5	2.73992438E-2
2.01322564E-5	2.73994096E-2
2.02413630E-5	2.73985825E-2
2.02255342E-5	2.73990296E-2
2.03504696E-5	2.73987781E-2
-3.07366827E-6	2.64364574E-2
-9.37442994E-4	2.29193736E-2
-2.49056658E-3	2.13268436E-2
-4.94454009E-3	1.69870779E-2
-9.67640150E-3	1.77694447E-2
-1.28870383E-2	2.20294558E-2
-1.78921986E-2	3.43786106E-2
-2.04747431E-2	4.37368155E-2
-2.27735583E-2	5.18639237E-2
-2.46150196E-2	6.09657802E-2
-2.62473393E-2	6.41360059E-2
-2.69216411E-2	6.64834678E-2
-2.70101223E-2	6.70447052E-2
-2.70506330E-2	6.73986450E-2
-2.70787403E-2	6.77320138E-2
-2.70889793E-2	6.78835288E-2
-2.70977840E-2	6.80011958E-2
-2.71004122E-2	6.81113154E-2
-2.71020830E-2	6.81714937E-2
-2.71039642E-2	6.83497265E-2
-2.72673778E-2	6.99606165E-2
-2.79776230E-2	7.18473271E-2
-2.85955239E-2	7.42930025E-2
-2.99269687E-2	7.88349956E-2
-3.08314003E-2	8.19452256E-2
-3.16111632E-2	8.44945386E-2
-3.30902487E-2	8.93392488E-2
-3.40668149E-2	9.44449008E-2
-3.52452323E-2	9.74713191E-2
-3.69420499E-2	1.01045638E-1
-3.80949043E-2	1.05701990E-1
-3.96516807E-2	1.08713403E-1
-4.01210636E-2	1.10076971E-1
-4.18193266E-2	1.24066435E-1
-4.35615778E-2	1.24931239E-1
-4.47245575E-2	1.26480848E-1
-4.61520478E-2	1.28007412E-1
-4.70612235E-2	1.29888386E-1
-4.77772281E-2	1.32757545E-1
-4.89599258E-2	1.35185286E-1
-5.04598506E-2	1.39918298E-1
-5.15284017E-2	1.45136550E-1
-5.27861938E-2	1.46841615E-1
-5.44818826E-2	1.52142704E-1
-5.60380295E-2	1.56618521E-1
-5.66318035E-2	1.59403533E-1
-5.81323579E-2	1.62316576E-1
-5.94554543E-2	1.66206881E-1
-6.03039153E-2	1.70056611E-1
-6.10970668E-2	1.71052441E-1
-6.21654615E-2	1.74681932E-1
-6.28950000E-2	1.78338110E-1
-6.38690069E-2	1.79655090E-1
-6.53534234E-2	1.84439495E-1
-6.63540363E-2	1.89089105E-1
-6.74632564E-2	1.92053393E-1
-6.88851997E-2	1.94881752E-1
-6.97973222E-2	1.98568955E-1
-7.06118271E-2	2.02329606E-1
-7.19586313E-2	2.03488454E-1
-7.28622153E-2	2.07445890E-1
-7.38941953E-2	2.11018249E-1
-7.46606588E-2	2.13108510E-1
-7.58471861E-2	2.15876877E-1
-7.67332017E-2	2.20162556E-1
-7.76375681E-2	2.23067686E-1
-7.91203901E-2	2.28045955E-1
-8.05960521E-2	2.31445685E-1
-8.10653716E-2	2.36059502E-1
-8.24461132E-2	2.38871023E-1
-8.34984556E-2	2.42419749E-1
-8.41248333E-2	2.44706109E-1
-8.45883489E-2	2.45529041E-1
-8.55003521E-2	2.48601437E-1
-8.62771645E-2	2.50859350E-1
-8.64584744E-2	2.52065450E-1
-8.71725380E-2	2.54351705E-1
-8.76514688E-2	2.55428046E-1
-8.78074169E-2	2.56438226E-1
-8.82316306E-2	2.57401973E-1
-8.83830562E-2	2.58481324E-1
-8.86748657E-2	2.60019034E-1
-8.89767408E-2	2.61045665E-1
-8.94337520E-2	2.62078285E-1
-9.01014432E-2	2.64220625E-1
-9.05584544E-2	2.65727460E-1
-9.11738053E-2	2.69480288E-1
-9.25084352E-2	2.74300307E-1
-9.35535878E-2	2.75802165E-1
-9.49132740E-2	2.80592829E-1
-9.61375087E-2	2.84445047E-1
-9.68202055E-2	2.86976963E-1
-9.75047573E-2	2.89164990E-1
-9.83954668E-2	2.92272687E-1
-9.90106687E-2	2.95453936E-1
-9.97621715E-2	2.97959358E-1
-1.00789733E-1	3.00100118E-1
-1.01647615E-1	3.02880377E-1
-1.02173895E-1	3.04994971E-1
-1.02831945E-1	3.07438284E-1
-1.03537992E-1	3.09351623E-1
-1.03840619E-1	3.11444134E-1
-1.04583822E-1	3.13815594E-1
-1.05145872E-1	3.15808326E-1
-1.05961189E-1	3.17527235E-1
-1.06502756E-1	3.19901198E-1
-1.07167363E-1	3.23537320E-1
-1.08217806E-1	3.25840205E-1
-1.09031104E-1	3.28872114E-1
-1.09873444E-1	3.33122522E-1
-1.11003175E-1	3.36923420E-1
-1.11668646E-1	3.38887215E-1
-1.12401605E-1	3.40105295E-1
-1.12925828E-1	3.41963947E-1
-1.13225684E-1	3.43013644E-1
-1.13758110E-1	3.44604850E-1
-1.14695832E-1	3.47627878E-1
-1.15352944E-1	3.50969821E-1
-1.16384380E-1	3.51918250E-1
-1.16841860E-1	3.54466498E-1
-1.17419846E-1	3.56176376E-1
-1.17787160E-1	3.56971353E-1
-1.18181951E-1	3.58190745E-1
-1.18527263E-1	3.59186977E-1
-1.18643500E-1	3.59637290E-1
-1.20491236E-1	3.61693263E-1
-1.20510593E-1	3.63300443E-1
-1.20701365E-1	3.64925861E-1
-1.21012971E-1	3.66907448E-1
-1.21911615E-1	3.69792163E-1
-1.22739054E-1	3.72306526E-1
-1.23583332E-1	3.74653041E-1
-1.24382861E-1	3.78213733E-1
-1.25443906E-1	3.80051494E-1
-1.26434222E-1	3.81973118E-1
-1.26740918E-1	3.85007679E-1
-1.27828002E-1	3.86764944E-1
-1.29007146E-1	3.90405983E-1
-1.29740536E-1	3.92691314E-1
-1.30646676E-1	3.96170467E-1
-1.31789312E-1	3.98503959E-1
-1.32570893E-1	4.00425553E-1
-1.33202285E-1	4.02868807E-1
-1.33987337E-1	4.04297978E-1
-1.34776995E-1	4.06368703E-1
-1.35134801E-1	4.07726288E-1
-1.35725766E-1	4.09436643E-1
-1.36509761E-1	4.11994249E-1
-1.37118995E-1	4.14031863E-1
-1.38379678E-1	4.17575389E-1
-1.39106259E-1	4.20053154E-1
-1.40010759E-1	4.22638178E-1
-1.41107813E-1	4.25638288E-1
-1.41760886E-1	4.28504735E-1
-1.42738685E-1	4.30363297E-1
-1.43364429E-1	4.32310164E-1
-1.44265458E-1	4.34771746E-1
-1.44622922E-1	4.35831398E-1
-1.45118728E-1	4.37826455E-1
-1.45616814E-1	4.39291567E-1
-1.46174937E-1	4.40623105E-1
-1.46771461E-1	4.42341268E-1
-1.47199750E-1	4.43878055E-1
-1.47673860E-1	4.45223212E-1
-1.47981361E-1	4.45680112E-1
-1.48246899E-1	4.47004020E-1
-1.48707747E-1	4.48334515E-1
-1.49169460E-1	4.49222326E-1
-1.49591520E-1	4.50529188E-1
-1.50178060E-1	4.51841235E-1
-1.50488004E-1	4.52672005E-1
-1.50801107E-1	4.54070359E-1
-1.51421189E-1	4.55570370E-1
-1.51734367E-1	4.56410617E-1
-1.52042881E-1	4.57289726E-1
-1.52650565E-1	4.59184259E-1
-1.53360143E-1	4.60992306E-1
-1.53809324E-1	4.62563366E-1
-1.54406920E-1	4.64189976E-1
-1.55170172E-1	4.65939909E-1
-1.55567408E-1	4.66605812E-1
-1.55839980E-1	4.67526138E-1
-1.56068057E-1	4.68322963E-1
-1.56522661E-1	4.69128340E-1
-1.56828001E-1	4.70299959E-1
-1.57183796E-1	4.71113086E-1
-1.57288820E-1	4.71264690E-1
-1.57342210E-1	4.71450865E-1
-1.57418296E-1	4.71702188E-1
-1.57499477E-1	4.71853256E-1
-1.57623500E-1	4.72270966E-1
-1.57875270E-1	4.73282039E-1
-1.58281177E-1	4.74709421E-1
-1.59072652E-1	4.76120830E-1
-1.59560695E-1	4.77814466E-1
-1.59905478E-1	4.79241729E-1
-1.60517171E-1	4.79923785E-1
-1.60855770E-1	4.81456429E-1
-1.61760420E-1	4.84295428E-1
-1.63043603E-1	4.86476719E-1
-1.63797840E-1	4.88412946E-1
-1.64910033E-1	4.91313964E-1
-1.65445402E-1	4.93023902E-1
-1.65783286E-1	4.93445426E-1
-1.66292027E-1	4.94739056E-1
-1.66709200E-1	4.95904952E-1
-1.67019963E-1	4.96669322E-1
-1.67335838E-1	4.97607678E-1
-1.68140426E-1	4.99658406E-1
-1.68826818E-1	5.00704706E-1
-1.69291198E-1	5.02589881E-1
-1.70110285E-1	5.03877282E-1
-1.70443594E-1	5.05416393E-1
-1.71023399E-1	5.06832063E-1
-1.71861127E-1	5.08135319E-1
-1.72771141E-1	5.10215640E-1
-1.73390701E-1	5.11680305E-1
-1.74036458E-1	5.13809383E-1
-1.74970388E-1	5.15855134E-1
-1.75584197E-1	5.17174244E-1
-1.76696137E-1	5.18902361E-1
-1.77306771E-1	5.20787597E-1
-1.78160116E-1	5.21867454E-1
-1.78514674E-1	5.22817016E-1
-1.79207548E-1	5.24140596E-1
-1.79682553E-1	5.25153697E-1
-1.79835349E-1	5.25476754E-1
-1.80448622E-1	5.26738882E-1
-1.80919245E-1	5.27664304E-1
-1.81225866E-1	5.28284669E-1
-1.81706011E-1	5.29222965E-1
-1.81979105E-1	5.30012488E-1
-1.82325840E-1	5.30501366E-1
-1.83221877E-1	5.32070160E-1
-1.83960885E-1	5.34209967E-1
-1.85145870E-1	5.35358548E-1
-1.85866952E-1	5.36502004E-1
-1.86808497E-1	5.37972629E-1
-1.87292844E-1	5.39099038E-1
-1.87851638E-1	5.39517760E-1
-1.88603759E-1	5.40483952E-1
-1.89162657E-1	5.41417420E-1
-1.89725265E-1	5.42077899E-1
-1.90231755E-1	5.42845190E-1
-1.91123962E-1	5.44174552E-1
-1.91973880E-1	5.45153022E-1
-1.92620620E-1	5.46071410E-1
-1.93772450E-1	5.47331631E-1
-1.94688484E-1	5.48444152E-1
-1.94994003E-1	5.48856974E-1
-1.96316659E-1	5.50157189E-1
-1.97394565E-1	5.51364005E-1
-1.98282108E-1	5.52199841E-1
-1.99054658E-1	5.52914798E-1
-1.99570775E-1	5.53560793E-1
-2.00110927E-1	5.53725481E-1
-2.00875431E-1	5.54386497E-1
-2.01760709E-1	5.55102289E-1
-2.02351391E-1	5.55559874E-1
-2.02973917E-1	5.56031048E-1
-2.03860447E-1	5.56765020E-1
-2.04925463E-1	5.57621241E-1
-2.05824405E-1	5.58268726E-1
-2.07164422E-1	5.58865666E-1
-2.08082125E-1	5.59737206E-1
-2.08937839E-1	5.60207784E-1
-2.10154295E-1	5.60893595E-1
-2.11065605E-1	5.61392248E-1
-2.11668789E-1	5.61677933E-1
-2.12662756E-1	5.62056422E-1
-2.13416919E-1	5.62621534E-1
-2.14306682E-1	5.63053966E-1
-2.15789050E-1	5.63435614E-1
-2.17382237E-1	5.64071000E-1
-2.18417719E-1	5.64538658E-1
-2.19662651E-1	5.64791799E-1
-2.20488280E-1	5.65189123E-1
-2.21462101E-1	5.65372825E-1
-2.22087175E-1	5.65579832E-1
-2.23396987E-1	5.65968692E-1
-2.24060372E-1	5.66238225E-1
-2.25096717E-1	5.66333055E-1
-2.25684583E-1	5.66620469E-1
-2.26613313E-1	5.66906154E-1
-2.27499470E-1	5.67155182E-1
-2.29493260E-1	5.67601383E-1
-2.30663791E-1	5.67955613E-1
-2.31629908E-1	5.68176866E-1
-2.33017400E-1	5.68352461E-1
-2.33625025E-1	5.68543136E-1
-2.34447747E-1	5.68800807E-1
-2.35439405E-1	5.68882942E-1
-2.37109661E-1	5.69174767E-1
-2.38840222E-1	5.69464803E-1
-2.39941597E-1	5.69657087E-1
-2.41121605E-1	5.69968045E-1
-2.43008956E-1	5.70305049E-1
-2.44674787E-1	5.70510983E-1
-2.47066230E-1	5.70719957E-1
-2.49394432E-1	5.70986927E-1
-2.50972033E-1	5.71146369E-1
-2.52204806E-1	5.71347058E-1
-2.53671825E-1	5.71431935E-1
-2.54288048E-1	5.71501315E-1
-2.54428178E-1	5.71503162E-1
-2.53680378E-1	5.71449816E-1
-2.52829850E-1	5.71404696E-1
-2.51942933E-1	5.71350396E-1
-2.50352949E-1	5.71267962E-1
-2.49717981E-1	5.71256518E-1
-2.49644950E-1	5.71256697E-1
-2.49698237E-1	5.71260929E-1
-2.49908641E-1	5.71272790E-1
-2.49905646E-1	5.71271896E-1
-2.49912322E-1	5.71280301E-1
-2.49930829E-1	5.71294606E-1
-2.49945760E-1	5.71320474E-1
-2.49966428E-1	5.71340680E-1
-2.49969348E-1	5.71354926E-1
-2.49968261E-1	5.71377456E-1
-2.49972209E-1	5.71387887E-1
-2.50200033E-1	5.71438432E-1
-2.50802189E-1	5.71513534E-1
-2.51907527E-1	5.71546495E-1
-2.52773821E-1	5.71656942E-1
-2.53619313E-1	5.71776032E-1
-2.54713297E-1	5.71855187E-1
-2.56450951E-1	5.71959019E-1
-2.58884996E-1	5.72154045E-1
-2.59714395E-1	5.72319984E-1
-2.61985898E-1	5.72427511E-1
-2.64185190E-1	5.72552562E-1
-2.65297979E-1	5.72621584E-1
-2.66483754E-1	5.72697103E-1
-2.68569231E-1	5.72839677E-1
-2.70582825E-1	5.72987258E-1
-2.71888047E-1	5.73034465E-1
-2.73722470E-1	5.73186696E-1
-2.74880856E-1	5.73324978E-1
-2.75942534E-1	5.73397279E-1
-2.77384013E-1	5.73510885E-1
-2.79126734E-1	5.73544502E-1
-2.79452026E-1	5.73643386E-1
-2.80750364E-1	5.73669910E-1
-2.81683654E-1	5.73754907E-1
-2.82623857E-1	5.73832214E-1
-2.84001201E-1	5.73879778E-1
-2.84653664E-1	5.73935747E-1
-2.85296351E-1	5.73964655E-1
-2.85409451E-1	5.73983073E-1
-2.85629719E-1	5.73998749E-1
-2.85885870E-1	5.74022710E-1
-2.86208093E-1	5.74054778E-1
-2.86772132E-1	5.74071467E-1
-2.87991107E-1	5.74138761E-1
-2.89116293E-1	5.74212909E-1
-2.90944934E-1	5.74236751E-1
-2.92018890E-1	5.74307084E-1
-2.93171555E-1	5.74356198E-1
-2.93397218E-1	5.74374378E-1
-2.93094665E-1	5.74374259E-1
-2.92167544E-1	5.74362695E-1
-2.91732013E-1	5.74324667E-1
-2.90051907E-1	5.74298620E-1
-2.88678288E-1	5.74262261E-1
-2.87835956E-1	5.74243248E-1
-2.87070245E-1	5.74225366E-1
-2.86260784E-1	5.74200809E-1
-2.85488278E-1	5.74186325E-1
-2.84788549E-1	5.74169040E-1
-2.83698022E-1	5.74154258E-1
-2.82598495E-1	5.74127793E-1
-2.82258004E-1	5.74104607E-1
-2.81030953E-1	5.74057877E-1
-2.80049980E-1	5.74020088E-1
-2.79425263E-1	5.73999941E-1
-2.78581172E-1	5.73977590E-1
-2.78100073E-1	5.73960066E-1
-2.77789325E-1	5.73936999E-1
-2.77197510E-1	5.73918283E-1
-2.76691496E-1	5.73900700E-1
-2.76130795E-1	5.73859692E-1
-2.74962455E-1	5.73823452E-1
-2.74332345E-1	5.73770583E-1
-2.73005933E-1	5.73706210E-1
-2.72082686E-1	5.73685229E-1
-2.70935893E-1	5.73630512E-1
-2.69778252E-1	5.73575675E-1
-2.69457996E-1	5.73539436E-1
-2.68113047E-1	5.73473990E-1
-2.66651273E-1	5.73413134E-1
-2.65478909E-1	5.73309362E-1
-2.63763666E-1	5.73242366E-1
-2.62264639E-1	5.73146164E-1
-2.61666030E-1	5.73081315E-1
-2.59934336E-1	5.73018014E-1
-2.57862300E-1	5.72873354E-1
-2.56349474E-1	5.72704077E-1
-2.53834873E-1	5.72594464E-1
-2.52298266E-1	5.72414041E-1
-2.50141948E-1	5.72242796E-1
-2.48754472E-1	5.72186828E-1
-2.46673197E-1	5.71994305E-1
-2.45353609E-1	5.71791828E-1
-2.43933022E-1	5.71653008E-1
-2.41604149E-1	5.71495354E-1
-2.39356101E-1	5.71211934E-1
-2.37799689E-1	5.70952773E-1
-2.35717297E-1	5.70753872E-1
-2.34429270E-1	5.70485950E-1
-2.32636020E-1	5.70241868E-1
-2.31453463E-1	5.70146978E-1
-2.29386672E-1	5.69783628E-1
-2.28033856E-1	5.69398105E-1
-2.26476774E-1	5.69105387E-1
-2.24200562E-1	5.68646908E-1
-2.22112402E-1	5.68206370E-1
-2.20745519E-1	5.67899287E-1
-2.18784481E-1	5.67562759E-1
-2.16815367E-1	5.66978514E-1
-2.15299204E-1	5.66485643E-1
-2.12681204E-1	5.65520048E-1
-2.09734112E-1	5.64309478E-1
-2.08692759E-1	5.63425899E-1
-2.05550119E-1	5.61831057E-1
-2.02714965E-1	5.60687423E-1
-2.00949386E-1	5.58871448E-1
-1.98496759E-1	5.57655573E-1
-1.97097793E-1	5.55952668E-1
-1.95727721E-1	5.54839432E-1
-1.93639830E-1	5.53670585E-1
-1.91739127E-1	5.51703274E-1
-1.90510496E-1	5.49741089E-1
-1.88799024E-1	5.48457146E-1
-1.87060967E-1	5.45988023E-1
-1.85767815E-1	5.43236315E-1
-1.83502972E-1	5.41120172E-1
-1.82014689E-1	5.37728608E-1
-1.79967344E-1	5.34525037E-1
-1.78562284E-1	5.33479810E-1
-1.76612422E-1	5.29976606E-1
-1.75184608E-1	5.26039481E-1
-1.73808202E-1	5.23261726E-1
-1.71351224E-1	5.20032227E-1
-1.68910712E-1	5.14876962E-1
-1.67299032E-1	5.09199739E-1
-1.64486527E-1	5.05405486E-1
-1.62140101E-1	4.99993354E-1
-1.61354631E-1	4.96646881E-1
-1.59023806E-1	4.93658423E-1
-1.57302648E-1	4.89345104E-1
-1.56192437E-1	4.85668629E-1
-1.54465079E-1	4.83108908E-1
-1.52878612E-1	4.80432451E-1
-1.51929498E-1	4.75818455E-1
-1.50864631E-1	4.74638522E-1
-1.49589121E-1	4.71118361E-1
-1.48392335E-1	4.68045115E-1
-1.47367746E-1	4.65319216E-1
-1.45561382E-1	4.62201327E-1
-1.43645287E-1	4.57362920E-1
-1.42237052E-1	4.52033699E-1
-1.40925646E-1	4.48624671E-1
-1.39151528E-1	4.43278939E-1
-1.37753606E-1	4.39274877E-1
-1.35639876E-1	4.35897112E-1
-1.33718580E-1	4.30271119E-1
-1.32462129E-1	4.25769895E-1
-1.31462380E-1	4.23577458E-1
-1.30096272E-1	4.20130908E-1
-1.29331827E-1	4.16787386E-1
-1.27934501E-1	4.15550143E-1
-1.26506984E-1	4.11423832E-1
-1.25473589E-1	4.06661332E-1
-1.23899676E-1	4.04113501E-1
-1.23020343E-1	4.01657909E-1
-1.21701054E-1	3.97698432E-1
-1.20774195E-1	3.93467993E-1
-1.19031914E-1	3.89907509E-1
-1.17271736E-1	3.84418309E-1
-1.15970939E-1	3.78934205E-1
-1.14126995E-1	3.77229512E-1
-1.12982608E-1	3.72034431E-1
-1.11776166E-1	3.66483539E-1
-1.09633781E-1	3.62154633E-1
-1.07331753E-1	3.54117304E-1
-1.05753489E-1	3.45660388E-1
-9.85645577E-2	3.39487463E-1
-9.84197184E-2	3.31209272E-1
-9.80370864E-2	3.26139092E-1
-9.73706171E-2	3.21066439E-1
-9.58394483E-2	3.14370602E-1
-9.38551724E-2	3.07769716E-1
-9.26325098E-2	3.03727478E-1
-9.09506604E-2	3.00146788E-1
-9.00769830E-2	2.96260059E-1
-8.94973204E-2	2.93711573E-1
-8.85270238E-2	2.91722864E-1
-8.75919312E-2	2.88576931E-1
-8.69689658E-2	2.86466777E-1
-8.62405449E-2	2.84292758E-1
-8.51357579E-2	2.80621052E-1
-8.42006281E-2	2.77131051E-1
-8.32121894E-2	2.73707390E-1
-8.16959143E-2	2.68588662E-1
-8.09912309E-2	2.65296340E-1
-8.03631395E-2	2.63552845E-1
-7.95493200E-2	2.61797935E-1
-7.86624178E-2	2.58804947E-1
-7.79075176E-2	2.55996406E-1
-7.68840387E-2	2.50732690E-1
-7.52771124E-2	2.45908841E-1
-7.43578151E-2	2.42633253E-1
-7.28571489E-2	2.39623502E-1
-7.15867132E-2	2.34977290E-1
-7.05534443E-2	2.29523301E-1
-6.88134804E-2	2.25729451E-1
-6.70347884E-2	2.19886795E-1
-6.58063367E-2	2.14771807E-1
-6.47235140E-2	2.11472809E-1
-6.30775765E-2	2.08091229E-1
-6.16101585E-2	2.03224063E-1
-6.06386662E-2	2.00268775E-1
-5.97662888E-2	1.95957363E-1
-5.86416684E-2	1.92908302E-1
-5.79888672E-2	1.90985873E-1
-5.69961444E-2	1.89032599E-1
-5.61804585E-2	1.85636818E-1
-5.55706620E-2	1.84691459E-1
-5.48685119E-2	1.81717694E-1
-5.39793111E-2	1.78980097E-1
-5.33715338E-2	1.77460968E-1
-5.25029898E-2	1.75648987E-1
-5.16053922E-2	1.72725096E-1
-5.07919006E-2	1.68834180E-1
-4.94190268E-2	1.66100547E-1
-4.85152788E-2	1.62172347E-1
-4.73150983E-2	1.59085557E-1
-4.66198213E-2	1.56899512E-1
-4.55124639E-2	1.54571161E-1
-4.42364253E-2	1.50226906E-1
-4.31441180E-2	1.47117585E-1
-4.16018367E-2	1.42469764E-1
-4.06538993E-2	1.38579860E-1
-3.97431552E-2	1.36298314E-1
-3.82920317E-2	1.32410347E-1
-3.68811488E-2	1.29762381E-1
-3.58272828E-2	1.26516879E-1
-3.48138660E-2	1.22338951E-1
-3.35302427E-2	1.18677787E-1
-3.27291749E-2	1.16498582E-1
-3.12888734E-2	1.14226870E-1
-3.03484797E-2	1.10104449E-1
-2.86358856E-2	9.91184562E-2
-2.74540074E-2	9.89729911E-2
-2.61405874E-2	9.83197093E-2
-2.48845033E-2	9.63873267E-2
-2.45233998E-2	9.46804136E-2
-2.33603958E-2	9.11879018E-2
-2.21553221E-2	9.01587754E-2
-2.18173899E-2	8.70438740E-2
-2.04516016E-2	8.34540799E-2
-1.90257691E-2	8.22747275E-2
-1.81531664E-2	7.87737295E-2
-1.72588732E-2	7.59529024E-2
-1.66569855E-2	7.46354237E-2
-1.58891380E-2	7.32360184E-2
-1.53164081E-2	7.08711073E-2
-1.46827595E-2	6.91765249E-2
-1.35227032E-2	6.70698509E-2
-1.28745902E-2	6.47657961E-2
-1.20221050E-2	6.25704825E-2
-1.09430477E-2	6.05912991E-2
-1.03365211E-2	5.89518249E-2
-9.39712394E-3	5.64156435E-2
-8.61610286E-3	5.49152270E-2
-8.31582211E-3	5.35231493E-2
-7.99895450E-3	5.22805415E-2
-7.43906992E-3	5.11620082E-2
-6.75045094E-3	4.98752594E-2
-6.28746394E-3	4.77607884E-2
-5.48278168E-3	4.54161763E-2
-4.84276190E-3	4.41746898E-2
-4.50409064E-3	4.32374440E-2
-4.20493633E-3	4.23299000E-2
-4.08432400E-3	4.20352705E-2
-4.00627311E-3	4.10379171E-2
-3.63142462E-3	3.98343317E-2
-3.18757980E-3	3.89774963E-2
-2.88820895E-3	3.79228406E-2
-2.61848117E-3	3.75594646E-2
-2.56392965E-3	3.75183485E-2
-2.55754660E-3	3.74442227E-2
-2.36988277E-3	3.66199315E-2
-1.94239826E-3	3.57177444E-2
-1.79659843E-3	3.47882509E-2
-1.35081611E-3	3.33748609E-2
-1.08501269E-3	3.27365100E-2
-1.06729486E-3	3.26651782E-2
-1.05309277E-3	3.26231569E-2
-1.04807946E-3	3.25793922E-2
-1.04647060E-3	3.25713940E-2
-1.04529189E-3	3.25545035E-2
-1.04540831E-3	3.25440913E-2
-1.04582612E-3	3.25382426E-2
-9.40284110E-4	3.19001675E-2
-7.29704276E-4	3.13508771E-2
-7.17935967E-4	3.11580468E-2
-7.13879766E-4	3.08856070E-2
-8.18558503E-4	3.22533958E-2
-1.61028118E-3	3.36407386E-2
-2.13663885E-3	3.54459248E-2
-2.70308158E-3	3.70220095E-2
-3.12327780E-3	3.73907275E-2
-2.88275862E-3	3.73026170E-2
-2.87554227E-3	3.68321612E-2
-2.86030839E-3	3.67903188E-2
-2.85265455E-3	3.67683694E-2
-2.84261559E-3	3.67425010E-2
-2.83465744E-3	3.67220566E-2
-2.83026206E-3	3.67114395E-2
-2.82497564E-3	3.66973579E-2
-2.82101776E-3	3.66895832E-2
-2.81874533E-3	3.66832726E-2
-2.81568803E-3	3.66751552E-2
-2.81387335E-3	3.66714410E-2
-2.81187892E-3	3.66671160E-2
-2.80860672E-3	3.66561301E-2
-2.80471845E-3	3.66533622E-2
-2.80388747E-3	3.66463438E-2
-2.80155102E-3	3.66401151E-2
-2.80023878E-3	3.66365425E-2
-2.79851467E-3	3.66344191E-2
-2.79732910E-3	3.66310067E-2
-2.79570092E-3	3.66267227E-2
-2.79421243E-3	3.66248600E-2
-2.79335887E-3	3.66229191E-2
-2.79219658E-3	3.66177671E-2
-2.79116258E-3	3.72859612E-2
-3.87168094E-3	4.69857790E-2
-1.35844881E-2	1.28974631E-1
-2.41734982E-2	1.29148215E-1
-3.13808210E-2	1.29860058E-1
-3.83333936E-2	1.30337864E-1
-3.86867523E-2	1.30858392E-1
-3.89041081E-2	1.31881759E-1
-3.91724035E-2	1.32561833E-1
-3.95886078E-2	1.33726180E-1
-3.98756415E-2	1.35004118E-1
-4.03409302E-2	1.35458797E-1
-4.06364687E-2	1.36669323E-1
-4.09378000E-2	1.37287050E-1
-4.04471382E-2	1.35445610E-1
-3.83684784E-2	1.28529832E-1
-3.64056639E-2	1.19443871E-1
-3.22014466E-2	1.15752988E-1
-2.95768548E-2	9.28939804E-2
-2.67098565E-2	9.27699134E-2
-2.49962136E-2	9.21241194E-2
-2.25334037E-2	8.77866149E-2
-2.08744928E-2	8.11674446E-2
-1.90740805E-2	7.65968114E-2
-1.63775980E-2	7.21455663E-2
-1.45123806E-2	6.78697526E-2
-1.36698456E-2	6.37457371E-2
-1.18236672E-2	6.03325963E-2
-9.69833601E-3	5.61627112E-2
-8.11414421E-3	4.93371896E-2
-5.03348187E-3	4.38318923E-2
-3.27897817E-3	3.65651660E-2
-1.83139008E-3	3.30135748E-2
-1.69363586E-4	3.00869774E-2
1.57714057E-5	2.88540106E-2
1.61111639E-5	2.88109407E-2
1.64531830E-5	2.87909657E-2
1.65866004E-5	2.87681744E-2
1.69224004E-5	2.87563168E-2
1.71620977E-5	2.87445560E-2
1.72395467E-5	2.87353043E-2
1.73808767E-5	2.87239775E-2
1.74916804E-5	2.87177451E-2
1.76567537E-5	2.87108347E-2
1.77087641E-5	2.87010409E-2
1.76256617E-5	2.86941733E-2
1.76968915E-5	2.86873002E-2
1.76657995E-5	2.86740866E-2
1.77511629E-5	2.86598075E-2
1.80456955E-5	2.86511928E-2
1.81186224E-5	2.86408234E-2
1.81819378E-5	2.86352597E-2
1.83662323E-5	2.86308695E-2
1.84708169E-5	2.86244228E-2
1.84968230E-5	2.86195260E-2
1.85036060E-5	2.86176093E-2
1.85222616E-5	2.86141913E-2
1.84527271E-5	2.86094546E-2
1.84346372E-5	2.86065675E-2
1.83453158E-5	2.86021288E-2
1.83108314E-5	2.85950713E-2
1.82893491E-5	2.85896361E-2
1.83758439E-5	2.85867564E-2
1.85103891E-5	2.85841860E-2
1.86579382E-5	2.85834502E-2
1.86602010E-5	2.85829324E-2
1.86392826E-5	2.85797287E-2
1.86200632E-5	2.85780244E-2
1.84385935E-5	2.85775214E-2
1.85115205E-5	2.85714585E-2
1.85154786E-5	2.85662841E-2
1.84781657E-5	2.85640638E-2
1.85720091E-5	2.85617393E-2
1.87376500E-5	2.85647288E-2
1.87105143E-5	2.85687819E-2
1.89338152E-5	2.85684355E-2
1.90095689E-5	2.85661183E-2
1.89219409E-5	2.85633784E-2
1.89264592E-5	2.85628922E-2
-2.00130642E-4	2.92068794E-2
-2.99690291E-4	2.95140930E-2
-2.99686886E-4	2.95192748E-2
-2.99589097E-4	2.95177214E-2
-1.76934307E-4	2.88724005E-2
1.89145812E-5	2.86466535E-2
1.88642662E-5	2.85579618E-2
1.87692931E-5	2.85523608E-2
1.88229988E-5	2.85500083E-2
1.91005711E-5	2.85459571E-2
1.91791514E-5	2.85440329E-2
1.92532079E-5	2.85432022E-2
1.91486233E-5	2.85396930E-2
1.91508843E-5	2.85356790E-2
1.91186609E-5	2.85339300E-2
1.89897692E-5	2.85274703E-2
1.88823578E-5	2.85221022E-2
1.87941678E-5	2.85187848E-2
1.87969945E-5	2.85152309E-2
1.89004477E-5	2.85131056E-2
1.90033370E-5	2.85105016E-2
1.90609990E-5	2.85072997E-2
1.90683477E-5	2.85028443E-2
1.90033370E-5	2.84997653E-2
1.91706713E-5	2.84998976E-2
1.92249427E-5	2.85009742E-2
1.92605567E-5	2.85012946E-2
1.91457966E-5	2.85012797E-2
1.89581096E-5	2.84995474E-2
1.88122576E-5	2.84977835E-2
1.88433496E-5	2.84979492E-2
1.90197297E-5	2.84969248E-2
1.91158324E-5	2.84962654E-2
1.92181469E-5	2.84964368E-2
1.93730357E-5	2.84944046E-2
1.93255455E-5	2.84942556E-2
1.92933203E-5	2.84939036E-2
1.92520511E-5	2.84927785E-2
1.91231575E-5	2.84895301E-2
1.92266107E-5	2.84885522E-2
1.91972140E-5	2.84876376E-2
1.92260468E-5	2.84878556E-2
1.92175667E-5	2.84891948E-2
1.90660612E-5	2.84895934E-2
1.91061990E-5	2.84897201E-2
1.91825166E-5	2.84886844E-2
1.92735333E-5	2.84874868E-2
1.94018612E-5	2.84857061E-2
1.93334563E-5	2.84843128E-2
1.92887965E-5	2.84834038E-2
1.93572014E-5	2.84813084E-2
1.92989719E-5	2.84797363E-2
1.92933203E-5	2.84793507E-2
1.94685690E-5	2.84782834E-2
1.94934437E-5	2.84778643E-2
1.95742832E-5	2.84778792E-2
1.96342080E-5	2.84761209E-2
1.96528636E-5	2.84741670E-2
1.94974000E-5	2.84740366E-2
1.94261702E-5	2.84723118E-2
1.94646109E-5	2.84711178E-2
1.93928154E-5	2.84715258E-2
1.95217090E-5	2.84715686E-2
1.94261702E-5	2.84721516E-2
1.94244731E-5	2.84725465E-2
1.93577653E-5	2.84732506E-2
1.93939468E-5	2.84720212E-2
1.94753538E-5	2.84704007E-2
1.95906814E-5	2.84701604E-2
1.94815748E-5	2.84691416E-2
1.95539378E-5	2.84700226E-2
1.95720277E-5	2.84709241E-2
1.94561362E-5	2.84710862E-2
1.97444515E-5	2.84695197E-2
1.97195768E-5	2.84687933E-2
1.97930676E-5	2.84664854E-2
1.99948881E-5	2.84655690E-2
1.98948255E-5	2.84646507E-2
1.98993494E-5	2.84642503E-2
1.98315101E-5	2.84638386E-2
1.97755435E-5	2.84638219E-2
1.98626021E-5	2.84664221E-2
1.98682555E-5	2.84665804E-2
1.97077043E-5	2.84667909E-2
1.97133577E-5	2.84674503E-2
1.96534347E-5	2.84666736E-2
1.95946413E-5	2.84664147E-2
1.97664976E-5	2.84660999E-2
1.97173158E-5	2.84654424E-2
1.97376667E-5	2.84644999E-2
1.97834579E-5	2.84643807E-2
1.97828922E-5	2.84652282E-2
1.98015478E-5	2.84656733E-2
1.96980945E-5	2.84662601E-2
1.98569487E-5	2.84663681E-2
1.98806938E-5	2.84655839E-2
1.98049402E-5	2.84652133E-2
1.99485312E-5	2.84659117E-2
1.98682555E-5	2.84674633E-2
1.97246645E-5	2.84679718E-2
1.97438858E-5	2.84679998E-2
1.97687586E-5	2.84665488E-2
1.98733433E-5	2.84657627E-2
1.99473998E-5	2.84623168E-2
2.00406776E-5	2.84592807E-2
2.00762934E-5	2.84585431E-2
1.99225251E-5	2.84559540E-2
1.99434417E-5	2.84550637E-2
1.98495982E-5	2.84551922E-2
1.98535563E-5	2.84549594E-2
1.98716461E-5	2.84540597E-2
1.98614707E-5	2.84534283E-2
1.98558173E-5	2.84520518E-2
2.00468967E-5	2.84503400E-2
2.00644208E-5	2.84495708E-2
2.00242830E-5	2.84486450E-2
2.00288050E-5	2.84489356E-2
1.99095230E-5	2.84496173E-2
1.98490343E-5	2.84496360E-2
1.99705773E-5	2.84498576E-2
1.98880407E-5	2.84491759E-2
1.99496608E-5	2.84492467E-2
1.99168717E-5	2.84498371E-2
1.99677506E-5	2.84500998E-2
1.99711430E-5	2.84508318E-2
1.99332662E-5	2.84497049E-2
1.98382932E-5	2.84494776E-2
1.97862828E-5	2.84494050E-2
1.98529906E-5	2.84489281E-2
1.98829530E-5	2.84499824E-2
1.99468341E-5	2.84486543E-2
1.99536189E-5	2.84459330E-2
1.98382932E-5	2.84394026E-2
1.97404916E-5	2.84373574E-2
1.97495374E-5	2.84328815E-2
1.96924393E-5	2.84295697E-2
1.98320777E-5	2.84281950E-2
1.98524340E-5	2.84273103E-2
1.98100370E-5	2.84272190E-2
1.99818969E-5	2.84276530E-2
1.99909427E-5	2.84283534E-2
1.99660681E-5	2.84280833E-2
1.99231035E-5	2.84280907E-2
1.98835314E-5	2.84284800E-2
1.98360449E-5	2.84263063E-2
1.98094749E-5	2.84261368E-2
1.98920116E-5	2.84249149E-2
1.99491078E-5	2.84232311E-2
1.99971601E-5	2.84233727E-2
1.99417591E-5	2.84226891E-2
1.99004899E-5	2.84213498E-2
1.98643102E-5	2.84208767E-2
1.98366088E-5	2.84205098E-2
1.98202142E-5	2.84190308E-2
1.97710324E-5	2.84182690E-2
1.95822140E-5	2.84185801E-2
1.97676400E-5	2.84178201E-2
1.97772515E-5	2.84182653E-2
1.97687714E-5	2.84188427E-2
1.98490470E-5	2.84188073E-2
1.97987338E-5	2.84181759E-2
1.98038215E-5	2.84178089E-2
1.98857924E-5	2.84176115E-2
1.99541955E-5	2.84180455E-2
1.99383667E-5	2.84190550E-2
1.99168844E-5	2.84206476E-2
1.98518737E-5	2.84207277E-2
1.97919489E-5	2.84207854E-2
1.97704667E-5	2.84213498E-2
1.97156314E-5	2.84206793E-2
1.98891812E-5	2.84205973E-2
1.99202714E-5	2.84193493E-2
2.00237209E-5	2.84178331E-2
2.01497842E-5	2.84168161E-2
2.00152390E-5	2.84148064E-2
1.98919988E-5	2.84139086E-2
1.99637943E-5	2.84127779E-2
1.84148288E-4	2.75063720E-2
1.60392490E-3	2.37497855E-2
2.14023353E-3	2.07928903E-2
5.45028038E-3	1.61870588E-2
1.00894701E-2	1.76176801E-2
1.29656522E-2	2.21390445E-2
1.76587459E-2	3.27257179E-2
2.08288543E-2	4.13148664E-2
2.28149705E-2	5.39521836E-2
2.57655811E-2	5.76403104E-2
2.90239789E-2	7.21951798E-2
3.04430872E-2	8.69674832E-2
3.46323363E-2	9.57035348E-2
3.88392508E-2	1.00327305E-1
4.14087810E-2	1.26123577E-1
4.44001853E-2	1.27598479E-1
4.61846888E-2	1.29651070E-1
4.87220176E-2	1.34947434E-1
5.03483936E-2	1.41880304E-1
5.29238917E-2	1.46792352E-1
5.52973337E-2	1.54206634E-1
5.69030158E-2	1.61185637E-1
5.92709519E-2	1.65673539E-1
6.08826615E-2	1.72948137E-1
6.23632707E-2	1.77418694E-1
6.46740645E-2	1.83699384E-1
6.68092221E-2	1.87925771E-1
6.80788159E-2	1.94322050E-1
7.02952370E-2	2.00897366E-1
7.18873143E-2	2.06467003E-1
7.35697970E-2	2.15515509E-1
7.65272006E-2	2.21504465E-1
7.94556811E-2	2.27818266E-1
8.14291686E-2	2.37707824E-1
8.35087448E-2	2.47162685E-1
8.64906460E-2	2.53169268E-1
8.94954726E-2	2.63015836E-1
9.15216058E-2	2.72329748E-1
9.42653567E-2	2.77674139E-1
9.66588333E-2	2.86060810E-1
9.82036665E-2	2.92904735E-1
1.00364499E-1	2.97510207E-1
1.01979040E-1	3.06057394E-1
1.03572235E-1	3.11091810E-1
1.05905123E-1	3.16273361E-1
1.08113274E-1	3.23635608E-1
1.09344088E-1	3.30101371E-1
1.11807309E-1	3.35076123E-1
1.13597631E-1	3.43306363E-1
1.15295433E-1	3.51421982E-1
1.16183162E-1	3.56672019E-1
1.23585805E-1	3.64702404E-1
1.24524817E-1	3.72039944E-1
1.25595644E-1	3.77479613E-1
1.28084436E-1	3.83102238E-1
1.30097970E-1	3.89365196E-1
1.31195411E-1	3.93885702E-1
1.31911010E-1	3.95402014E-1
1.32141158E-1	3.96559507E-1
1.32492304E-1	3.99683028E-1
1.34225786E-1	4.04458970E-1
1.37230590E-1	4.10371125E-1
1.39527604E-1	4.19808775E-1
1.41731501E-1	4.25679475E-1
1.44284666E-1	4.32133436E-1
1.45865485E-1	4.36446041E-1
1.46977365E-1	4.39821780E-1
1.48547187E-1	4.44016129E-1
1.50115773E-1	4.49077994E-1
1.51582152E-1	4.52802390E-1
1.53586641E-1	4.58437026E-1
1.55958310E-1	4.64795530E-1
1.57411098E-1	4.68529224E-1
1.59302086E-1	4.74035293E-1
1.61101893E-1	4.78633672E-1
1.62219763E-1	4.81499076E-1
1.64084181E-1	4.86627579E-1
1.66173726E-1	4.92356360E-1
1.67724729E-1	4.96149629E-1
1.70372531E-1	5.02776384E-1
1.72999486E-1	5.08439302E-1
1.74719483E-1	5.12132227E-1
1.77379891E-1	5.17375350E-1
1.79440245E-1	5.21530926E-1
1.80851579E-1	5.23941100E-1
1.81952745E-1	5.25868595E-1
1.83125094E-1	5.28153598E-1
1.84003368E-1	5.29655159E-1
1.86391622E-1	5.33139586E-1
1.89383477E-1	5.37503421E-1
1.91678628E-1	5.40538549E-1
1.95211679E-1	5.44698358E-1
1.96515381E-1	5.46696305E-1
1.97608307E-1	5.47731042E-1
1.99455559E-1	5.49165010E-1
2.00891584E-1	5.50396919E-1
2.01837033E-1	5.51192582E-1
2.03150049E-1	5.52043200E-1
2.03357980E-1	5.52185297E-1
2.03429699E-1	5.52398503E-1
2.04107046E-1	5.52914321E-1
2.05888122E-1	5.54161489E-1
2.07514063E-1	5.55628061E-1
2.10208952E-1	5.56603074E-1
2.12260872E-1	5.57526469E-1
2.13382155E-1	5.58211625E-1
2.15487689E-1	5.58745682E-1
2.17920959E-1	5.59569061E-1
2.19583258E-1	5.60067475E-1
2.22053811E-1	5.60525477E-1
2.24161193E-1	5.61164320E-1
2.25517526E-1	5.61730742E-1
2.27990240E-1	5.62129855E-1
2.30551079E-1	5.62721789E-1
2.32390627E-1	5.63258827E-1
2.34560832E-1	5.63597798E-1
2.37985998E-1	5.64103663E-1
2.41532907E-1	5.64535439E-1
2.43948072E-1	5.64805806E-1
2.47881740E-1	5.65242887E-1
2.51471877E-1	5.65627277E-1
2.54132062E-1	5.65884411E-1
2.57767916E-1	5.66186488E-1
2.60352939E-1	5.66369712E-1
2.61975497E-1	5.66459060E-1
2.63853908E-1	5.66629887E-1
2.66206741E-1	5.66805840E-1
2.67729133E-1	5.66918015E-1
2.69988656E-1	5.67068875E-1
2.68366992E-1	5.66944957E-1
2.66155869E-1	5.66880763E-1
2.64292330E-1	5.66843092E-1
2.61914879E-1	5.66793025E-1
2.62231350E-1	5.66912115E-1
2.65953302E-1	5.67075014E-1
2.68857688E-1	5.67164242E-1
2.70448148E-1	5.67288399E-1
2.72731572E-1	5.67361414E-1
2.74879754E-1	5.67458332E-1
2.76490897E-1	5.67542672E-1
2.78651655E-1	5.67597806E-1
2.81433523E-1	5.67676067E-1
2.82973766E-1	5.67746699E-1
2.85173059E-1	5.67794621E-1
2.86540985E-1	5.67839146E-1
2.87587523E-1	5.67868710E-1
2.89385587E-1	5.67890227E-1
2.91020602E-1	5.67901790E-1
2.92159230E-1	5.67921281E-1
2.94785529E-1	5.67935646E-1
2.97651947E-1	5.67944169E-1
2.99968749E-1	5.67946553E-1
3.03829849E-1	5.67952335E-1
3.07628989E-1	5.67963362E-1
3.10493916E-1	5.67961574E-1
3.14999014E-1	5.67951322E-1
3.18129838E-1	5.67920506E-1
3.19612205E-1	5.67880988E-1
3.21353346E-1	5.67857623E-1
3.23404074E-1	5.67815602E-1
3.25621605E-1	5.67777038E-1
3.28096271E-1	5.67760944E-1
3.31548691E-1	5.67740381E-1
3.34197193E-1	5.67727983E-1
3.35314602E-1	5.67715168E-1
3.37295055E-1	5.67692816E-1
3.39551657E-1	5.67661285E-1
3.41026664E-1	5.67644775E-1
3.43451351E-1	5.67617297E-1
3.45856905E-1	5.67592025E-1
3.47875237E-1	5.67571163E-1
3.51158440E-1	5.67521513E-1
3.54551792E-1	5.67463100E-1
3.55654448E-1	5.67425907E-1
3.58785152E-1	5.67367852E-1
3.61500323E-1	5.67332566E-1
3.62825304E-1	5.67320347E-1
3.64184409E-1	5.67311287E-1
3.65108013E-1	5.67306280E-1
3.65726113E-1	5.67303836E-1
3.66367877E-1	5.67303181E-1
3.66748184E-1	5.67308068E-1
3.66433859E-1	5.67325413E-1
3.64754617E-1	5.67345142E-1
3.62049460E-1	5.67380846E-1
3.60055625E-1	5.67402184E-1
3.57915312E-1	5.67421675E-1
3.57535869E-1	5.67424119E-1
3.57725769E-1	5.67420185E-1
3.57291162E-1	5.67423701E-1
3.55430901E-1	5.67446887E-1
3.53717774E-1	5.67481637E-1
3.49740148E-1	5.67510426E-1
3.46208692E-1	5.67550182E-1
3.43419343E-1	5.67592859E-1
3.40532631E-1	5.67616761E-1
3.36834729E-1	5.67651749E-1
3.34532827E-1	5.67680180E-1
3.31455022E-1	5.67695439E-1
3.28836083E-1	5.67720532E-1
3.26960146E-1	5.67744851E-1
3.23326081E-1	5.67763209E-1
3.19402665E-1	5.67794561E-1
3.16395253E-1	5.67821681E-1
3.11603665E-1	5.67838430E-1
3.07092786E-1	5.67860425E-1
3.04175377E-1	5.67874670E-1
3.00081581E-1	5.67880571E-1
2.96593904E-1	5.67884088E-1
2.93851167E-1	5.67873597E-1
2.89491266E-1	5.67864001E-1
2.86056429E-1	5.67844033E-1
2.84115851E-1	5.67828834E-1
2.82023162E-1	5.67810655E-1
2.79834837E-1	5.67779303E-1
2.78140336E-1	5.67746162E-1
2.75534332E-1	5.67723513E-1
2.73147672E-1	5.67697227E-1
2.71830976E-1	5.67657948E-1
2.69574016E-1	5.67625999E-1
2.66926646E-1	5.67557096E-1
2.65032917E-1	5.67470551E-1
2.61715442E-1	5.67406178E-1
2.58944571E-1	5.67304075E-1
2.57261246E-1	5.67203760E-1
2.54709363E-1	5.67145765E-1
2.52410918E-1	5.67030489E-1
2.50774980E-1	5.66922605E-1
2.48549625E-1	5.66839814E-1
2.46405393E-1	5.66746652E-1
2.45048359E-1	5.66599786E-1
2.43567318E-1	5.66441953E-1
2.41350815E-1	5.66335380E-1
2.39191636E-1	5.66179276E-1
2.37994090E-1	5.66015959E-1
2.36118689E-1	5.65959215E-1
2.34804556E-1	5.65811932E-1
2.33891055E-1	5.65646768E-1
2.32930854E-1	5.65624535E-1
2.32131988E-1	5.65501690E-1
2.31166124E-1	5.65334260E-1
2.29324698E-1	5.65156400E-1
2.26751521E-1	5.64753711E-1
2.24764645E-1	5.64255595E-1
2.21819788E-1	5.63901365E-1
2.19042376E-1	5.63303232E-1
2.17475981E-1	5.62848151E-1
2.15629414E-1	5.62561095E-1
2.14358613E-1	5.62202752E-1
2.14002371E-1	5.61846614E-1
2.12462798E-1	5.61493576E-1
2.10680321E-1	5.60815811E-1
2.09455371E-1	5.60205638E-1
2.07810342E-1	5.59808314E-1
2.06742749E-1	5.59418559E-1
2.06399053E-1	5.59209585E-1
2.05959499E-1	5.59088707E-1
2.05512285E-1	5.58803201E-1
2.04998642E-1	5.58328748E-1
2.03868255E-1	5.57888567E-1
2.02168465E-1	5.56944549E-1
2.01246619E-1	5.56113422E-1
1.99528188E-1	5.55348575E-1
1.97825953E-1	5.53985476E-1
1.96651831E-1	5.52332938E-1
1.94275573E-1	5.50968111E-1
1.92233533E-1	5.48961461E-1
1.90866679E-1	5.46713829E-1
1.88611627E-1	5.45157373E-1
1.86586127E-1	5.42477608E-1
1.85116619E-1	5.39321005E-1
1.82603672E-1	5.37023127E-1
1.80168822E-1	5.34336448E-1
1.78529799E-1	5.28652430E-1
1.76408470E-1	5.26850760E-1
1.73539683E-1	5.21397829E-1
1.71673343E-1	5.15645623E-1
1.68582499E-1	5.11976540E-1
1.65916592E-1	5.06147087E-1
1.64302424E-1	5.01555562E-1
1.62078977E-1	4.98605669E-1
1.59977630E-1	4.93771642E-1
1.58874691E-1	4.90246207E-1
1.57141849E-1	4.87437457E-1
1.55508280E-1	4.83001679E-1
1.54462755E-1	4.80052680E-1
1.52166352E-1	4.73810136E-1
1.49268121E-1	4.68899876E-1
1.47269771E-1	4.61275190E-1
1.44137949E-1	4.53430772E-1
1.41235769E-1	4.48518425E-1
1.39524668E-1	4.41175371E-1
1.36462495E-1	4.33584511E-1
1.34090871E-1	4.29695070E-1
1.32857859E-1	4.25993443E-1
1.31614596E-1	4.20996517E-1
1.30399540E-1	4.20101702E-1
1.29302442E-1	4.16612983E-1
1.28283277E-1	4.12894905E-1
1.26891837E-1	4.10416216E-1
1.25512823E-1	4.06583995E-1
1.24640346E-1	4.03770775E-1
1.23603851E-1	4.02011275E-1
1.22730777E-1	3.99245501E-1
1.22100241E-1	3.96382213E-1
1.20887481E-1	3.94127637E-1
1.19403072E-1	3.89521420E-1
1.18169568E-1	3.84546489E-1
1.16291963E-1	3.80997717E-1
1.14459567E-1	3.75399858E-1
1.13340124E-1	3.71468276E-1
1.12005778E-1	3.69009316E-1
1.10711604E-1	3.64947259E-1
1.09899446E-1	3.60748380E-1
1.08525120E-1	3.57809693E-1
1.07449271E-1	3.54171515E-1
1.06779158E-1	3.51409912E-1
1.06107205E-1	3.50120366E-1
1.05357781E-1	3.47177207E-1
1.04747809E-1	3.44575197E-1
1.03834376E-1	3.42545331E-1
1.02744423E-1	3.38754892E-1
1.02079935E-1	3.35374177E-1
9.91266891E-2	3.32574338E-1
9.90936756E-2	3.29021364E-1
9.85953659E-2	3.25257361E-1
9.78774950E-2	3.22022647E-1
9.64660943E-2	3.17027718E-1
9.48062390E-2	3.11585844E-1
9.38551649E-2	3.08808059E-1
9.29040536E-2	3.03802520E-1
9.13702846E-2	2.98557848E-1
9.03845802E-2	2.95273751E-1
8.86145681E-2	2.89370865E-1
8.70548263E-2	2.84304470E-1
8.59920159E-2	2.81133413E-1
8.43471065E-2	2.75599450E-1
8.30132142E-2	2.71577299E-1
8.21768120E-2	2.69097656E-1
8.12814906E-2	2.64633298E-1
7.99067393E-2	2.60194331E-1
7.90037736E-2	2.57233709E-1
7.76384100E-2	2.53140420E-1
7.67315179E-2	2.50696391E-1
7.62183443E-2	2.48644546E-1
7.50115365E-2	2.44290113E-1
7.36431405E-2	2.39871860E-1
7.27140009E-2	2.36554012E-1
7.10373595E-2	2.31609821E-1
6.99471682E-2	2.26511717E-1
6.76051527E-2	2.24812552E-1
6.59806803E-2	2.15535969E-1
6.46138787E-2	2.09255233E-1
6.26392663E-2	2.05305472E-1
6.13886416E-2	1.99631736E-1
5.96224964E-2	1.95779309E-1
5.87896928E-2	1.93319678E-1
5.72513640E-2	1.88666537E-1
5.63226640E-2	1.84078991E-1
5.47660366E-2	1.80984929E-1
5.37766255E-2	1.76488400E-1
5.25275059E-2	1.73337743E-1
5.15276678E-2	1.71293363E-1
5.08966483E-2	1.68457150E-1
5.00980541E-2	1.66152999E-1
4.91746664E-2	1.64347976E-1
4.83074263E-2	1.60331711E-1
4.67138849E-2	1.55009970E-1
4.46020886E-2	1.50989518E-1
4.30896357E-2	1.44689262E-1
4.11980264E-2	1.39646783E-1
3.92114632E-2	1.36022925E-1
3.75005007E-2	1.28750116E-1
3.54928561E-2	1.20156474E-1
3.16329710E-2	1.14941776E-1
2.98976898E-2	1.09983034E-1
2.84240413E-2	9.72705260E-2
2.65189558E-2	9.54513997E-2
2.52039116E-2	9.35636237E-2
2.31584646E-2	8.95118788E-2
2.12119911E-2	8.46694782E-2
2.00047828E-2	8.14572275E-2
1.79542769E-2	7.59079456E-2
1.59470122E-2	7.13970810E-2
1.49723534E-2	6.89687654E-2
1.32751632E-2	6.58283532E-2
1.20086130E-2	6.23235479E-2
1.09700784E-2	5.92976809E-2
8.76276288E-3	5.29495440E-2
6.33547269E-3	4.56276089E-2
4.55756485E-3	4.06138562E-2
2.20621773E-3	3.38711441E-2
4.68161452E-4	2.94581801E-2
3.10149189E-4	2.89601814E-2
3.01565215E-5	2.82242205E-2
2.96573435E-5	2.81901751E-2
2.93628109E-5	2.81733871E-2
2.90100506E-5	2.81500164E-2
2.88602405E-5	2.81317849E-2
2.86996892E-5	2.81207133E-2
2.84221132E-5	2.81014033E-2
2.82581659E-5	2.80860327E-2
2.82106757E-5	2.80765351E-2
2.80354252E-5	2.80649215E-2
2.78409552E-5	2.80626789E-2
2.76266983E-5	2.80610342E-2
2.74141385E-5	2.80578453E-2
2.72388879E-5	2.80530211E-2
2.71297813E-5	2.80488655E-2
2.69941047E-5	2.80411635E-2
2.69008269E-5	2.80314051E-2
2.68177246E-5	2.80201398E-2
2.66786556E-5	2.80024931E-2
2.64118244E-5	2.79586054E-2
2.61930454E-5	2.79494077E-2
2.61116402E-5	2.79216301E-2
2.60828074E-5	2.78910603E-2
2.58657255E-5	2.78808009E-2
2.58312411E-5	2.78643183E-2
2.57436150E-5	2.78530009E-2
2.54948754E-5	2.78413575E-2
2.55061805E-5	2.78364848E-2
2.53490216E-5	2.78299414E-2
2.52133450E-5	2.78264079E-2
2.52009086E-5	2.78216004E-2
2.51658585E-5	2.78206896E-2
2.51907313E-5	2.78208610E-2
2.50624034E-5	2.78192256E-2
2.49250315E-5	2.78175250E-2
2.46768559E-5	2.78149508E-2
2.46921190E-5	2.78135762E-2
2.47034259E-5	2.78137680E-2
2.45451356E-5	2.78133526E-2
2.47396129E-5	2.78116744E-2
2.44925741E-5	2.78087780E-2
2.43840386E-5	2.78040953E-2
2.43665181E-5	2.77995598E-2
2.41946600E-5	2.77949702E-2
2.41092966E-5	2.77902074E-2
2.41109919E-5	2.77870987E-2
2.40912068E-5	2.77851336E-2
2.38910816E-5	2.77823918E-2
2.39600522E-5	2.77830809E-2
2.36513861E-5	2.77830940E-2
2.36259475E-5	2.77824383E-2
2.36485594E-5	2.77832765E-2
2.36180331E-5	2.77840123E-2
2.37090499E-5	2.77845692E-2
2.36909582E-5	2.77844630E-2
2.36660853E-5	2.77840793E-2
2.36061605E-5	2.77820434E-2
2.34580457E-5	2.77816243E-2
2.33969913E-5	2.77811587E-2
2.33664650E-5	2.77809519E-2
2.32443545E-5	2.77803969E-2
2.31267677E-5	2.77794953E-2
2.29843081E-5	2.77761891E-2
2.28384542E-5	2.77750902E-2
2.27502642E-5	2.77748276E-2
2.27875753E-5	2.77746320E-2
2.28401514E-5	2.77756974E-2
2.27875753E-5	2.77770758E-2
2.27304790E-5	2.77759004E-2
2.26993852E-5	2.77750045E-2
2.27920973E-5	2.77734753E-2
2.28248864E-5	2.77740639E-2
2.28571098E-5	2.77742259E-2
2.28678473E-5	2.77741663E-2
2.28938479E-5	2.77728513E-2
2.27689088E-5	2.77722739E-2
2.28423996E-5	2.77720131E-2
2.27660821E-5	2.77726855E-2
2.26620632E-5	2.77674142E-2
2.27231176E-5	2.77596433E-2
2.24613741E-5	2.77485214E-2
2.24557207E-5	2.77355853E-2
2.23426559E-5	2.77307946E-2
2.21510127E-5	2.77287122E-2
2.21086138E-5	2.77265199E-2
2.20294696E-5	2.77250223E-2
2.22465515E-5	2.77218986E-2
2.23307852E-5	2.77210250E-2
2.23517018E-5	2.77188327E-2
2.23285242E-5	2.77194325E-2
2.21736263E-5	2.77195815E-2
2.20809125E-5	2.77196020E-2
2.20023339E-5	2.77187787E-2
2.19305384E-5	2.77170576E-2
2.18084278E-5	2.77164690E-2
2.19067952E-5	2.77159531E-2
2.19898957E-5	2.77154427E-2
2.20396450E-5	2.77162809E-2
2.21685386E-5	2.77167447E-2
2.20809125E-5	2.77170632E-2
2.19305384E-5	2.77170539E-2
2.19520207E-5	2.77166497E-2
2.18954883E-5	2.77154595E-2
2.19961148E-5	2.77110022E-2
2.20074216E-5	2.77070161E-2
2.20012025E-5	2.77034491E-2
2.18542173E-5	2.77014393E-2
2.17869419E-5	2.77009178E-2
2.17484976E-5	2.77014095E-2
2.17315373E-5	2.77022831E-2
2.16399567E-5	2.77030412E-2
2.16082990E-5	2.77035385E-2
2.17185352E-5	2.76998896E-2
2.16184744E-5	2.76950598E-2
2.16473054E-5	2.76920106E-2
2.16574808E-5	2.76883058E-2
2.15059754E-5	2.76875142E-2
2.14641423E-5	2.76863053E-2
2.14483116E-5	2.76844446E-2
2.13352487E-5	2.76819039E-2
2.13081130E-5	2.76806280E-2
2.12781506E-5	2.76771653E-2
